[gd_scene load_steps=46 format=3 uid="uid://ctjhgbe7lv625"]

[ext_resource type="Script" path="res://CoreScenes/Main/SceneManager.gd" id="1_xo2q1"]
[ext_resource type="Texture2D" uid="uid://bexol24inxyjb" path="res://Joe_Biden_presidential_portrait.jpg" id="2_u3ikh"]
[ext_resource type="PackedScene" uid="uid://cyd3ag08uubnt" path="res://CoreScenes/Player/player.tscn" id="3_87utk"]
[ext_resource type="Script" path="res://CoreScenes/Camera/Camera3D.gd" id="4_7or6k"]
[ext_resource type="PackedScene" uid="uid://f4j3jsayehft" path="res://CoreScenes/Liftable/liftable_object_spawner.tscn" id="5_k0rdg"]
[ext_resource type="PackedScene" uid="uid://bmvao6iglaf58" path="res://ObjectScenes/mesa.tscn" id="6_0ugbt"]
[ext_resource type="PackedScene" uid="uid://dqbfucyr4es7g" path="res://ObjectScenes/casa.tscn" id="6_33ade"]
[ext_resource type="PackedScene" uid="uid://betinjxibra4m" path="res://ObjectScenes/gun1.tscn" id="6_egcnx"]
[ext_resource type="PackedScene" uid="uid://cyg7ngj5xfh6a" path="res://ObjectScenes/caja.tscn" id="6_gbfgx"]
[ext_resource type="PackedScene" uid="uid://is1sl78rawdc" path="res://ObjectScenes/piedra1.tscn" id="6_ono35"]
[ext_resource type="PackedScene" uid="uid://bnfiflfbjncbh" path="res://ObjectScenes/rampa.tscn" id="7_5uhfl"]
[ext_resource type="PackedScene" uid="uid://csq3kr34vcl8d" path="res://ObjectScenes/gato.tscn" id="7_8j1ww"]
[ext_resource type="PackedScene" uid="uid://dhlsrcobhutet" path="res://ObjectScenes/gun2.tscn" id="7_egoh1"]
[ext_resource type="PackedScene" uid="uid://shpecs40aeg1" path="res://ObjectScenes/bicicleta.tscn" id="7_gayc8"]
[ext_resource type="PackedScene" uid="uid://ced6ei1jpv1s3" path="res://ObjectScenes/piedra2.tscn" id="7_uadqf"]
[ext_resource type="PackedScene" uid="uid://b0ugwr3kb7olo" path="res://ObjectScenes/piedra3.tscn" id="8_ejbl4"]
[ext_resource type="PackedScene" uid="uid://cvvfe7avdip5d" path="res://ObjectScenes/gnomo.tscn" id="8_fyl7o"]
[ext_resource type="PackedScene" uid="uid://b7idl08n3ayjh" path="res://ObjectScenes/lamparota.tscn" id="9_c14ao"]
[ext_resource type="PackedScene" uid="uid://bs8fllfi7whk6" path="res://ObjectScenes/piedra4.tscn" id="9_qh1f1"]
[ext_resource type="PackedScene" uid="uid://bxorb0qta72nk" path="res://ObjectScenes/piedra5.tscn" id="10_jktvy"]
[ext_resource type="PackedScene" uid="uid://r06xjtpc48qo" path="res://ObjectScenes/planta.tscn" id="10_joosv"]
[ext_resource type="PackedScene" uid="uid://nq01deo33fp3" path="res://ObjectScenes/basura.tscn" id="11_dy6rh"]
[ext_resource type="PackedScene" uid="uid://bc5in4ctsna82" path="res://ObjectScenes/piedra6.tscn" id="11_xc3bs"]
[ext_resource type="PackedScene" uid="uid://dqnl8q8yrp34b" path="res://ObjectScenes/rama1.tscn" id="12_mtvc6"]
[ext_resource type="PackedScene" uid="uid://cumoophnshusm" path="res://ObjectScenes/rama2.tscn" id="13_e6qxu"]
[ext_resource type="PackedScene" uid="uid://cc0ywft7nvn8r" path="res://ObjectScenes/rama3.tscn" id="14_80f0u"]
[ext_resource type="PackedScene" uid="uid://bb16c3lx213bf" path="res://ObjectScenes/arbol1.tscn" id="15_klsl5"]
[ext_resource type="PackedScene" uid="uid://u0mo25onbvly" path="res://ObjectScenes/arbol2.tscn" id="16_so0cp"]
[ext_resource type="PackedScene" uid="uid://cx62hokk7bi82" path="res://ObjectScenes/craneo.tscn" id="17_n31h7"]
[ext_resource type="PackedScene" uid="uid://rlmc5wte2jpe" path="res://ObjectScenes/silla2.tscn" id="18_8whbr"]
[ext_resource type="PackedScene" uid="uid://bcaiyqbwg6v20" path="res://ObjectScenes/chair.tscn" id="19_t2hym"]
[ext_resource type="PackedScene" uid="uid://dbqm7rwijbgoh" path="res://ObjectScenes/terreno.tscn" id="20_se67r"]
[ext_resource type="Texture2D" uid="uid://cq22og4jilpkc" path="res://1517788487669.jpeg" id="33_np2of"]
[ext_resource type="Shader" path="res://shader-bordes/main.gdshader" id="33_sy8ko"]

[sub_resource type="BoxShape3D" id="BoxShape3D_6kjjv"]
size = Vector3(250, 2, 250)

[sub_resource type="StandardMaterial3D" id="StandardMaterial3D_vmo7x"]
albedo_texture = ExtResource("2_u3ikh")

[sub_resource type="BoxMesh" id="BoxMesh_8p3s3"]
size = Vector3(250, 2, 250)

[sub_resource type="ProceduralSkyMaterial" id="ProceduralSkyMaterial_fxqy7"]
sky_top_color = Color(0, 0.454902, 0.803922, 1)
sky_horizon_color = Color(0.388235, 0.717647, 0.741176, 1)
sky_curve = 0.117688
sky_cover = ExtResource("33_np2of")

[sub_resource type="Sky" id="Sky_d4kom"]
sky_material = SubResource("ProceduralSkyMaterial_fxqy7")

[sub_resource type="Environment" id="Environment_vrfd6"]
background_mode = 2
background_color = Color(0, 0.329412, 0.411765, 1)
sky = SubResource("Sky_d4kom")

[sub_resource type="BoxMesh" id="BoxMesh_yteiw"]
lightmap_size_hint = Vector2i(14, 21)

[sub_resource type="ShaderMaterial" id="ShaderMaterial_rk6py"]
render_priority = 0
shader = ExtResource("33_sy8ko")
shader_parameter/color = null
shader_parameter/sphere_size = 3.0

[sub_resource type="ConcavePolygonShape3D" id="ConcavePolygonShape3D_k4pag"]
data = PackedVector3Array(-0.5, 0.5, 0.5, 0.5, 0.5, 0.5, -0.5, -0.5, 0.5, 0.5, 0.5, 0.5, 0.5, -0.5, 0.5, -0.5, -0.5, 0.5, 0.5, 0.5, -0.5, -0.5, 0.5, -0.5, 0.5, -0.5, -0.5, -0.5, 0.5, -0.5, -0.5, -0.5, -0.5, 0.5, -0.5, -0.5, 0.5, 0.5, 0.5, 0.5, 0.5, -0.5, 0.5, -0.5, 0.5, 0.5, 0.5, -0.5, 0.5, -0.5, -0.5, 0.5, -0.5, 0.5, -0.5, 0.5, -0.5, -0.5, 0.5, 0.5, -0.5, -0.5, -0.5, -0.5, 0.5, 0.5, -0.5, -0.5, 0.5, -0.5, -0.5, -0.5, 0.5, 0.5, 0.5, -0.5, 0.5, 0.5, 0.5, 0.5, -0.5, -0.5, 0.5, 0.5, -0.5, 0.5, -0.5, 0.5, 0.5, -0.5, -0.5, -0.5, 0.5, 0.5, -0.5, 0.5, -0.5, -0.5, -0.5, 0.5, -0.5, 0.5, 0.5, -0.5, -0.5, -0.5, -0.5, -0.5)

[sub_resource type="Gradient" id="Gradient_035sq"]
offsets = PackedFloat32Array(0, 0.534483, 1)
colors = PackedColorArray(0, 0, 0, 1, 0.387931, 0.387931, 0.387931, 1, 1, 1, 1, 1)

[sub_resource type="GradientTexture2D" id="GradientTexture2D_efe6y"]
gradient = SubResource("Gradient_035sq")
fill_from = Vector2(1, 0)

[node name="Main" type="Node"]
script = ExtResource("1_xo2q1")
PlayerScene = ExtResource("3_87utk")

[node name="TemporaryGround" type="StaticBody3D" parent="."]
transform = Transform3D(1, 0, 0, 0, 1, 0, 0, 0, 1, -84.1891, -39.5205, -30.0503)

[node name="CollisionShape3D" type="CollisionShape3D" parent="TemporaryGround"]
shape = SubResource("BoxShape3D_6kjjv")

[node name="MeshInstance3D" type="MeshInstance3D" parent="TemporaryGround"]
transform = Transform3D(1, 0, 0, 0, 1, 0, 0, 0, 1, -5.41544, 3.52545, -12.1053)
material_override = SubResource("StandardMaterial3D_vmo7x")
mesh = SubResource("BoxMesh_8p3s3")
skeleton = NodePath("../CollisionShape3D")

[node name="DirectionalLight3D" type="DirectionalLight3D" parent="."]
transform = Transform3D(0.996956, 0.0723449, 0.0290831, -0.0407549, 0.165502, 0.985367, 0.066473, -0.983552, 0.167947, -263.129, -4.25095, -31.0362)
light_color = Color(0.968627, 0.956863, 0.988235, 1)
light_energy = 1.329
light_indirect_energy = 1.315
light_volumetric_fog_energy = 2.096
light_angular_distance = 7.4
directional_shadow_max_distance = 128.0

[node name="Camera3D" type="Camera3D" parent="."]
transform = Transform3D(-0.995569, -0.0358566, 0.0869345, 0, 0.924453, 0.381296, -0.0940389, 0.379606, -0.920356, -85.3077, 3.72227, -64.1117)
current = true
fov = 75.9375
script = ExtResource("4_7or6k")

[node name="SpawnLocations" type="Node3D" parent="."]
transform = Transform3D(1, 0, 0, 0, 1, 0, 0, 0, 1, -84.1891, -4.294, -30.0503)

[node name="1" type="Marker3D" parent="SpawnLocations" groups=["PlayerSpawnPoint"]]
transform = Transform3D(1, 0, 0, 0, 1, 0, 0, 0, 1, 12.1268, 11.1019, -6.76158)

[node name="0" type="Marker3D" parent="SpawnLocations" groups=["PlayerSpawnPoint"]]
transform = Transform3D(1, 0, 0, 0, 1, 0, 0, 0, 1, 9.07476, 11.1019, 4.90293)

[node name="3" type="Marker3D" parent="SpawnLocations" groups=["PlayerSpawnPoint"]]
transform = Transform3D(1, 0, 0, 0, 1, 0, 0, 0, 1, -5.60892, 11.1019, -5.51603)

[node name="2" type="Marker3D" parent="SpawnLocations" groups=["PlayerSpawnPoint"]]
transform = Transform3D(1, 0, 0, 0, 1, 0, 0, 0, 1, -3.20286, -4.61605, 3.49349)

[node name="GUN" parent="." instance=ExtResource("6_egcnx")]
transform = Transform3D(1, 0, 0, 0, 1, 0, 0, 0, 1, -84.1891, -2.82028, -34.2343)

[node name="Silla" parent="." instance=ExtResource("5_k0rdg")]
transform = Transform3D(1, 0, 0, 0, 1, 0, 0, 0, 1, -87.9696, -2.43479, -59.2154)
max_living_spawns = 5
size = 2.0

[node name="Rampa" parent="." instance=ExtResource("5_k0rdg")]
transform = Transform3D(-0.990028, -0.0253395, 0.138576, -0.0250948, 0.999679, 0.00351256, -0.13862, -3.00625e-10, -0.990346, 74.3019, 8.11946, 4.44745)
max_living_spawns = 5
size = 2.0
chair_scene = ExtResource("7_5uhfl")

[node name="Bicicleta" parent="." instance=ExtResource("5_k0rdg")]
transform = Transform3D(1, 0, 0, 0, 0.417978, 0.908457, 0, -0.908457, 0.417978, -74.3991, -2.76898, -63.7952)
max_living_spawns = 5
size = 2.0
chair_scene = ExtResource("7_gayc8")

[node name="Bicicleta2" parent="." instance=ExtResource("5_k0rdg")]
transform = Transform3D(1, 0, 0, 0, 0.999521, -0.0309572, 0, 0.0309572, 0.999521, -118.217, -0.338029, 80.1307)
max_living_spawns = 5
size = 2.0
chair_scene = ExtResource("7_gayc8")

[node name="Bicicleta3" parent="." instance=ExtResource("5_k0rdg")]
transform = Transform3D(-0.112845, 0.950278, -0.290238, -0.0456084, 0.286842, 0.956892, 0.992565, 0.121218, 0.010972, 148.227, -0.400384, 15.3987)
max_living_spawns = 5
size = 2.0
chair_scene = ExtResource("7_gayc8")

[node name="Caja" parent="." instance=ExtResource("5_k0rdg")]
transform = Transform3D(0.999434, -0.0314069, -0.0120228, 0.0297374, 0.992308, -0.12017, 0.0157045, 0.119744, 0.992681, -86.8496, -1.56181, -67.8426)
max_living_spawns = 5
size = 2.0
chair_scene = ExtResource("6_gbfgx")

[node name="Caja2" parent="." instance=ExtResource("5_k0rdg")]
transform = Transform3D(0.994338, -0.0299575, 0.10195, 0.0464087, 0.985527, -0.163041, -0.0955901, 0.166849, 0.981338, -88.1303, -1.63473, -67.7004)
max_living_spawns = 5
size = 2.0
chair_scene = ExtResource("6_gbfgx")

[node name="Caja3" parent="." instance=ExtResource("5_k0rdg")]
transform = Transform3D(-0.0237961, 0.611753, 0.790691, 0.021871, 0.791044, -0.611368, -0.999477, 0.00274501, -0.0322034, -85.7556, -1.34192, -67.7677)
max_living_spawns = 5
size = 2.0
chair_scene = ExtResource("6_gbfgx")

[node name="Caja4" parent="." instance=ExtResource("5_k0rdg")]
transform = Transform3D(-0.134512, -0.0161187, 0.990781, 0.203028, 0.978207, 0.0434781, -0.96989, 0.207004, -0.128308, -87.5096, -0.855203, -67.618)
max_living_spawns = 5
size = 2.0
chair_scene = ExtResource("6_gbfgx")

[node name="Caja5" parent="." instance=ExtResource("5_k0rdg")]
transform = Transform3D(-0.134512, -0.0161188, 0.990781, 0.120385, 0.992196, 0.0324858, -0.983572, 0.123645, -0.131522, 129.02, -5.60674, 75.5354)
max_living_spawns = 5
size = 3.0
chair_scene = ExtResource("6_gbfgx")

[node name="Caja6" parent="." instance=ExtResource("5_k0rdg")]
transform = Transform3D(-0.134512, -0.0161188, 0.990781, 0.203028, 0.978207, 0.0434781, -0.96989, 0.207005, -0.128308, 127.077, -5.78653, 76.1464)
max_living_spawns = 5
size = 3.0
chair_scene = ExtResource("6_gbfgx")

[node name="Caja7" parent="." instance=ExtResource("5_k0rdg")]
transform = Transform3D(-0.134512, -0.0161188, 0.990781, 0.203028, 0.978207, 0.0434781, -0.96989, 0.207005, -0.128308, 125.264, -5.78901, 76.6443)
max_living_spawns = 5
size = 3.0
chair_scene = ExtResource("6_gbfgx")

[node name="Caja8" parent="." instance=ExtResource("5_k0rdg")]
transform = Transform3D(-0.134512, -0.0161188, 0.990781, 0.203028, 0.978207, 0.0434781, -0.96989, 0.207005, -0.128308, 122.785, -5.82477, 77.4272)
max_living_spawns = 5
size = 3.0
chair_scene = ExtResource("6_gbfgx")

[node name="Caja9" parent="." instance=ExtResource("5_k0rdg")]
transform = Transform3D(-0.124591, 0.0309517, 0.991725, 0.209263, 0.97785, -0.00422894, -0.96989, 0.207005, -0.128308, 128.062, -4.59003, 76.0313)
max_living_spawns = 5
size = 3.0
chair_scene = ExtResource("6_gbfgx")

[node name="Caja10" parent="." instance=ExtResource("5_k0rdg")]
transform = Transform3D(-0.134512, -0.0161188, 0.990781, 0.203028, 0.978207, 0.0434781, -0.96989, 0.207005, -0.128308, 126.105, -4.63457, 76.5333)
max_living_spawns = 5
size = 3.0
chair_scene = ExtResource("6_gbfgx")

[node name="Caja11" parent="." instance=ExtResource("5_k0rdg")]
transform = Transform3D(-0.135041, -0.0233918, 0.990564, 0.0720562, 0.996842, 0.0333633, -0.988217, 0.0758816, -0.132929, 125.625, -3.50256, 76.8638)
max_living_spawns = 5
size = 3.0
chair_scene = ExtResource("6_gbfgx")

[node name="Caja12" parent="." instance=ExtResource("5_k0rdg")]
transform = Transform3D(-0.130179, 0.0401334, 0.990678, 0.0805092, 0.996309, -0.0297823, -0.988216, 0.0758817, -0.132929, 126.458, -2.33389, 76.425)
max_living_spawns = 5
size = 3.0
chair_scene = ExtResource("6_gbfgx")

[node name="Caja13" parent="." instance=ExtResource("5_k0rdg")]
transform = Transform3D(-0.130179, 0.0401334, 0.990678, 0.0805092, 0.996309, -0.0297823, -0.988216, 0.0758817, -0.132929, 124.052, -4.61942, 76.8638)
max_living_spawns = 5
size = 3.0
chair_scene = ExtResource("6_gbfgx")

[node name="Caja14" parent="." instance=ExtResource("5_k0rdg")]
transform = Transform3D(-0.130179, 0.0401334, 0.990678, 0.0805092, 0.996309, -0.0297823, -0.988216, 0.0758817, -0.132929, 124.052, -4.61942, 76.8638)
max_living_spawns = 5
size = 3.0
chair_scene = ExtResource("6_gbfgx")

[node name="Caja15" parent="." instance=ExtResource("5_k0rdg")]
transform = Transform3D(-0.130179, 0.0401334, 0.990678, 0.0805092, 0.996309, -0.0297823, -0.988216, 0.0758817, -0.132929, 124.052, -4.61942, 76.8638)
max_living_spawns = 5
size = 3.0
chair_scene = ExtResource("6_gbfgx")

[node name="Caja16" parent="." instance=ExtResource("5_k0rdg")]
transform = Transform3D(-0.130179, 0.0401334, 0.990678, 0.0805092, 0.996309, -0.0297823, -0.988216, 0.0758817, -0.132929, 127.447, -3.4604, 76.2486)
max_living_spawns = 5
size = 3.0
chair_scene = ExtResource("6_gbfgx")

[node name="Arma1" parent="." instance=ExtResource("5_k0rdg")]
transform = Transform3D(0.950239, 0, 0.311522, 0, 1, 0, -0.311522, 0, 0.950239, -63.9587, 1.39617, 26.8748)
max_living_spawns = 5
size = 2.0
chair_scene = ExtResource("6_egcnx")

[node name="Arma12" parent="." instance=ExtResource("5_k0rdg")]
transform = Transform3D(0.950239, 0, 0.311522, 0, 1, 0, -0.311522, 0, 0.950239, 63.1461, 11.3996, 5.14291)
max_living_spawns = 5
size = 2.0
chair_scene = ExtResource("6_egcnx")

[node name="Arma2" parent="." instance=ExtResource("5_k0rdg")]
transform = Transform3D(0.950239, 0, 0.311522, 0, 1, 0, -0.311522, 0, 0.950239, -87.971, 1.39617, -11.3489)
max_living_spawns = 5
chair_scene = ExtResource("7_egoh1")

[node name="Piedra1" parent="." instance=ExtResource("5_k0rdg")]
transform = Transform3D(1, 0, 0, 0, 1, 0, 0, 0, 1, -52.177, -2.70294, 11.803)
max_living_spawns = 5
chair_scene = ExtResource("6_ono35")

[node name="Piedra2" parent="." instance=ExtResource("5_k0rdg")]
transform = Transform3D(1, 0, 0, 0, 1, 0, 0, 0, 1, -92.4075, -5.17399, -2.21274)
max_living_spawns = 5
chair_scene = ExtResource("7_uadqf")

[node name="Piedra3" parent="." instance=ExtResource("5_k0rdg")]
transform = Transform3D(1, 0, 0, 0, 1, 0, 0, 0, 1, -92.4075, -5.17399, 2.14766)
max_living_spawns = 5
chair_scene = ExtResource("8_ejbl4")

[node name="Piedra4" parent="." instance=ExtResource("5_k0rdg")]
transform = Transform3D(0.830819, 0.556542, 0, -0.556542, 0.830819, 0, 0, 0, 1, -92.4075, -5.17399, -6.11514)
max_living_spawns = 5
chair_scene = ExtResource("9_qh1f1")

[node name="Piedra5" parent="." instance=ExtResource("5_k0rdg")]
transform = Transform3D(1, 0, 0, 0, 1, 0, 0, 0, 1, -77.2121, -5.17399, -2.69214)
max_living_spawns = 5
chair_scene = ExtResource("10_jktvy")

[node name="Piedra6" parent="." instance=ExtResource("5_k0rdg")]
transform = Transform3D(1, 0, 0, 0, 1, 0, 0, 0, 1, -104.963, -5.17399, -2.88334)
max_living_spawns = 5
chair_scene = ExtResource("11_xc3bs")

[node name="Casa" parent="." instance=ExtResource("5_k0rdg")]
transform = Transform3D(0.143887, -0.0295691, 0.989152, 0.00512987, 0.999562, 0.0291341, -0.989581, 0.000882197, 0.143976, 20.3269, 0.406051, 98.5867)
sin_gravedad = true
max_living_spawns = 5
size = 7.0
chair_scene = ExtResource("6_33ade")

[node name="Casa2" parent="." instance=ExtResource("5_k0rdg")]
transform = Transform3D(0.143951, 0.0257663, 0.989249, -0.00283659, 0.999668, -0.0256249, -0.989581, 0.000882626, 0.143976, 73.3709, 4.97596, 96.4367)
sin_gravedad = true
max_living_spawns = 5
size = 7.0
chair_scene = ExtResource("6_33ade")

[node name="Casa3" parent="." instance=ExtResource("5_k0rdg")]
transform = Transform3D(0.143978, 0.00225962, 0.989578, -0.0622616, 0.998037, 0.00677977, -0.98762, -0.0625889, 0.143836, -44.3893, 3.29104, 102.679)
sin_gravedad = true
max_living_spawns = 5
size = 7.0
chair_scene = ExtResource("6_33ade")

[node name="Casa4" parent="." instance=ExtResource("5_k0rdg")]
transform = Transform3D(-0.0905395, 0.0390955, -0.995125, 0.0703738, 0.996982, 0.0327656, 0.993403, -0.0670642, -0.0930175, -39.2966, 4.49298, -83.8626)
sin_gravedad = true
max_living_spawns = 5
size = 7.0
chair_scene = ExtResource("6_33ade")

[node name="Casa5" parent="." instance=ExtResource("5_k0rdg")]
transform = Transform3D(-0.0897275, -0.045908, -0.994908, -0.0876206, 0.995428, -0.0380298, 0.992105, 0.0837621, -0.0933398, -96.7178, 5.01696, -86.9549)
sin_gravedad = true
max_living_spawns = 5
size = 7.0
chair_scene = ExtResource("6_33ade")

[node name="Casa6" parent="." instance=ExtResource("5_k0rdg")]
transform = Transform3D(0.0239562, -0.038879, 0.998957, 0.00652653, 0.999228, 0.038733, -0.999692, 0.00559183, 0.0241915, 151.538, 2.64765, 107.52)
sin_gravedad = true
max_living_spawns = 5
size = 7.0
chair_scene = ExtResource("6_33ade")

[node name="Casa7" parent="." instance=ExtResource("5_k0rdg")]
transform = Transform3D(0.14353, -0.0328303, 0.989101, 0.0196024, 0.999348, 0.0303259, -0.989452, 0.0150361, 0.14408, -191.701, 2.01834, 97.0647)
sin_gravedad = true
max_living_spawns = 5
size = 7.0
chair_scene = ExtResource("6_33ade")

[node name="Casa8" parent="." instance=ExtResource("5_k0rdg")]
transform = Transform3D(-0.0797576, -0.0635829, -0.994784, -0.00463806, 0.997976, -0.0634151, 0.996804, -0.000443971, -0.0798911, 63.0709, 2.63109, -88.2078)
sin_gravedad = true
max_living_spawns = 5
size = 7.0
chair_scene = ExtResource("6_33ade")

[node name="Casa9" parent="." instance=ExtResource("5_k0rdg")]
transform = Transform3D(-0.23749, 0.0391745, -0.9706, 0.00652653, 0.999228, 0.038733, 0.971368, 0.00286403, -0.237562, 142.229, 2.89107, -70.8495)
sin_gravedad = true
max_living_spawns = 5
size = 7.0
chair_scene = ExtResource("6_33ade")

[node name="Casa10" parent="." instance=ExtResource("5_k0rdg")]
transform = Transform3D(0.143886, 0.0419012, 0.988707, -0.00516012, 0.999121, -0.0415916, -0.989581, 0.000882607, 0.143976, -123.894, 5.8102, 101.769)
sin_gravedad = true
max_living_spawns = 5
size = 7.0
chair_scene = ExtResource("6_33ade")

[node name="Casa11" parent="." instance=ExtResource("5_k0rdg")]
transform = Transform3D(-0.0198209, 0.0102149, -0.999751, 0.0415992, 0.99909, 0.00938343, 0.998938, -0.0414029, -0.0202278, -169.024, 10.7646, -71.3877)
sin_gravedad = true
max_living_spawns = 5
size = 7.0
chair_scene = ExtResource("6_33ade")

[node name="Casa12" parent="." instance=ExtResource("5_k0rdg")]
transform = Transform3D(-0.990549, 0.00115329, 0.137155, 0.000654364, 0.999993, -0.00368273, -0.137158, -0.00355817, -0.990543, 166.678, 7.1879, 14.6427)
sin_gravedad = true
max_living_spawns = 5
size = 7.0
chair_scene = ExtResource("6_33ade")

[node name="Gato" parent="." instance=ExtResource("5_k0rdg")]
transform = Transform3D(-0.999999, 0, 0.00120416, 0, 1, 0, -0.00120416, 0, -0.999999, -78.8279, -2.59, 95.6357)
max_living_spawns = 5
chair_scene = ExtResource("7_8j1ww")

[node name="Gato2" parent="." instance=ExtResource("5_k0rdg")]
transform = Transform3D(-0.999999, 0, 0.00120416, 0, 1, 0, -0.00120416, 0, -0.999999, -78.8279, -2.59, 95.6357)
max_living_spawns = 5
chair_scene = ExtResource("7_8j1ww")

[node name="Gato3" parent="." instance=ExtResource("5_k0rdg")]
transform = Transform3D(0.996837, 0, 0.0794683, 0.0098857, 0.992232, -0.124005, -0.078851, 0.124398, 0.989094, -78.8279, -1.60995, -70.4191)
max_living_spawns = 5
chair_scene = ExtResource("7_8j1ww")

[node name="Gato4" parent="." instance=ExtResource("5_k0rdg")]
transform = Transform3D(-0.999999, 0, 0.00120416, 0, 1, 0, -0.00120416, 0, -0.999999, -78.0036, -2.59, 95.6357)
max_living_spawns = 5
chair_scene = ExtResource("7_8j1ww")

[node name="Gato5" parent="." instance=ExtResource("5_k0rdg")]
transform = Transform3D(-0.999999, 0, 0.00120416, 0, 1, 0, -0.00120416, 0, -0.999999, -181.963, -6.07502, 73.6364)
max_living_spawns = 5
chair_scene = ExtResource("7_8j1ww")

[node name="Mesa" parent="." instance=ExtResource("5_k0rdg")]
transform = Transform3D(0.991215, -0.120979, -0.0534437, 0.12559, 0.987659, 0.0935743, 0.0414637, -0.0994643, 0.994177, 143.012, -0.49215, 4.25406)
max_living_spawns = 5
chair_scene = ExtResource("6_0ugbt")

[node name="Gnomo" parent="." instance=ExtResource("5_k0rdg")]
transform = Transform3D(1, 0, 0, 0, 1, 0, 0, 0, 1, -40.1841, -1.5052, -51.3759)
max_living_spawns = 5
size = 1.5
chair_scene = ExtResource("8_fyl7o")

[node name="Lamparota" parent="." instance=ExtResource("5_k0rdg")]
transform = Transform3D(1, 0, 0, 0, 1, 0, 0, 0, 1, -155.579, 10.1313, -45.4729)
sin_gravedad = true
max_living_spawns = 5
size = 4.0
chair_scene = ExtResource("9_c14ao")

[node name="Lamparota2" parent="." instance=ExtResource("5_k0rdg")]
transform = Transform3D(0.999606, -0.0280612, 0, 0.0280612, 0.999606, 0, 0, 0, 1, -75.9263, 9.2975, -50.2005)
sin_gravedad = true
max_living_spawns = 5
size = 4.0
chair_scene = ExtResource("9_c14ao")

[node name="Lamparota3" parent="." instance=ExtResource("5_k0rdg")]
transform = Transform3D(1, 0, 0, 0, 1, 0, 0, 0, 1, -32.1343, 11.3656, -55.729)
sin_gravedad = true
max_living_spawns = 5
size = 4.0
chair_scene = ExtResource("9_c14ao")

[node name="Lamparota4" parent="." instance=ExtResource("5_k0rdg")]
transform = Transform3D(1, 0, 0, 0, 1, 0, 0, 0, 1, 73.9979, 10.2642, -63.6894)
sin_gravedad = true
max_living_spawns = 5
size = 4.0
chair_scene = ExtResource("9_c14ao")

[node name="Lamparota5" parent="." instance=ExtResource("5_k0rdg")]
transform = Transform3D(1, 0, 0, 0, 1, 0, 0, 0, 1, 154.068, 8.1849, -46.1961)
sin_gravedad = true
max_living_spawns = 5
size = 4.0
chair_scene = ExtResource("9_c14ao")

[node name="Lamparota6" parent="." instance=ExtResource("5_k0rdg")]
transform = Transform3D(1, 0, 0, 0, 1, 0, 0, 0, 1, 151.305, 12.7929, 29.0727)
sin_gravedad = true
max_living_spawns = 5
size = 4.0
chair_scene = ExtResource("9_c14ao")

[node name="Lamparota7" parent="." instance=ExtResource("5_k0rdg")]
transform = Transform3D(1, 0, 0, 0, 1, 0, 0, 0, 1, 135.007, 7.8972, 75.8907)
sin_gravedad = true
max_living_spawns = 5
size = 4.0
chair_scene = ExtResource("9_c14ao")

[node name="Lamparota8" parent="." instance=ExtResource("5_k0rdg")]
transform = Transform3D(0.999884, 0.0152361, 0, -0.0152361, 0.999884, 0, 0, 0, 1, -203.202, 7.7902, 62.5139)
sin_gravedad = true
max_living_spawns = 5
size = 4.0
chair_scene = ExtResource("9_c14ao")

[node name="Lamparota9" parent="." instance=ExtResource("5_k0rdg")]
transform = Transform3D(1, 0, 0, 0, 0.999519, 0.031027, 0, -0.031027, 0.999519, -133.941, 10.7045, 61.4858)
sin_gravedad = true
max_living_spawns = 5
size = 4.0
chair_scene = ExtResource("9_c14ao")

[node name="Lamparota10" parent="." instance=ExtResource("5_k0rdg")]
transform = Transform3D(1, 0, 0, 0, 1, 0, 0, 0, 1, -61.8845, 9.5201, 71.1807)
sin_gravedad = true
max_living_spawns = 5
size = 4.0
chair_scene = ExtResource("9_c14ao")

[node name="Lamparota11" parent="." instance=ExtResource("5_k0rdg")]
transform = Transform3D(1, 0, 0, 0, 1, 0, 0, 0, 1, 4.1148, 6.6253, 68.3649)
sin_gravedad = true
max_living_spawns = 5
size = 4.0
chair_scene = ExtResource("9_c14ao")

[node name="Lamparota12" parent="." instance=ExtResource("5_k0rdg")]
transform = Transform3D(1, 0, 0, 0, 1, 0, 0, 0, 1, 57.7959, 11.3511, 65.0535)
sin_gravedad = true
max_living_spawns = 5
size = 4.0
chair_scene = ExtResource("9_c14ao")

[node name="Planta" parent="." instance=ExtResource("5_k0rdg")]
transform = Transform3D(0.999894, 0.0145381, 0, -0.0145381, 0.999894, 0, 0, 0, 1, -107.793, -0.74759, 85.0317)
max_living_spawns = 5
size = 2.0
chair_scene = ExtResource("10_joosv")

[node name="Planta2" parent="." instance=ExtResource("5_k0rdg")]
transform = Transform3D(0.992501, -0.122233, 0, 0.122233, 0.992501, 0, 0, 0, 1, 46.4727, -4.68219, -61.4467)
max_living_spawns = 5
size = 2.0
chair_scene = ExtResource("10_joosv")

[node name="Planta3" parent="." instance=ExtResource("5_k0rdg")]
transform = Transform3D(0.992501, -0.122233, 0, 0.122233, 0.992501, 0, 0, 0, 1, -107.794, -3.96964, -61.4467)
max_living_spawns = 5
size = 2.0
chair_scene = ExtResource("10_joosv")

[node name="Basura" parent="." instance=ExtResource("5_k0rdg")]
transform = Transform3D(1, 0, 0, 0, 1, 0, 0, 0, 1, -60.6781, -3.5363, -30.5297)
max_living_spawns = 5
size = 2.0
chair_scene = ExtResource("11_dy6rh")

[node name="Basura2" parent="." instance=ExtResource("5_k0rdg")]
transform = Transform3D(1, 0, 0, 0, 1, 0, 0, 0, 1, -30.1556, -2.48063, -30.5297)
max_living_spawns = 5
size = 2.0
chair_scene = ExtResource("11_dy6rh")

[node name="Basura3" parent="." instance=ExtResource("5_k0rdg")]
transform = Transform3D(0.99829, 0.0581177, -0.00624895, -0.0584526, 0.992569, -0.106723, 0, 0.106906, 0.994269, -107.265, -6.86253, -30.5297)
max_living_spawns = 5
size = 2.0
chair_scene = ExtResource("11_dy6rh")

[node name="Basura4" parent="." instance=ExtResource("5_k0rdg")]
transform = Transform3D(1, 0, 0, 0, 0.999134, 0.0415966, 0, -0.0415966, 0.999134, 71.1989, -0.486939, -30.5297)
max_living_spawns = 5
size = 2.0
chair_scene = ExtResource("11_dy6rh")

[node name="Basura5" parent="." instance=ExtResource("5_k0rdg")]
transform = Transform3D(1, 0, 0, 0, 1, 0, 0, 0, 1, 140.014, -3.26392, -31.4575)
max_living_spawns = 5
size = 2.0
chair_scene = ExtResource("11_dy6rh")

[node name="Basura6" parent="." instance=ExtResource("5_k0rdg")]
transform = Transform3D(1, 0, 0, 0, 1, 0, 0, 0, 1, -161.708, -2.7958, -30.5297)
max_living_spawns = 5
size = 2.0
chair_scene = ExtResource("11_dy6rh")

[node name="Basura7" parent="." instance=ExtResource("5_k0rdg")]
transform = Transform3D(0.998518, 0.0542728, 0.00409889, -0.0543203, 0.998445, 0.0125245, -0.00341278, -0.0127285, 0.999913, -113.064, -2.44965, 63.0352)
max_living_spawns = 5
size = 2.0
chair_scene = ExtResource("11_dy6rh")

[node name="Basura8" parent="." instance=ExtResource("5_k0rdg")]
transform = Transform3D(1, 0, 0, 0, 1, 0, 0, 0, 1, -52.3107, -3.75567, 66.5997)
max_living_spawns = 5
size = 2.0
chair_scene = ExtResource("11_dy6rh")

[node name="Basura9" parent="." instance=ExtResource("5_k0rdg")]
transform = Transform3D(1, 0, 0, 0, 1, 0, 0, 0, 1, 14.9483, -5.33408, 51.1404)
max_living_spawns = 5
size = 2.0
chair_scene = ExtResource("11_dy6rh")

[node name="Basura10" parent="." instance=ExtResource("5_k0rdg")]
transform = Transform3D(1, 0, 0, 0, 1, 0, 0, 0, 1, 129.693, -3.93181, 54.3524)
max_living_spawns = 5
size = 2.0
chair_scene = ExtResource("11_dy6rh")

[node name="Basura11" parent="." instance=ExtResource("5_k0rdg")]
transform = Transform3D(1, 0, 0, 0, 1, 0, 0, 0, 1, -163.893, -5.71253, 39.7491)
max_living_spawns = 5
size = 2.0
chair_scene = ExtResource("11_dy6rh")

[node name="Rama1" parent="." instance=ExtResource("5_k0rdg")]
transform = Transform3D(1, 0, 0, 0, 0.910921, 0.41258, 0, -0.41258, 0.910921, -79.7029, -0.310288, -1.54084)
max_living_spawns = 5
chair_scene = ExtResource("12_mtvc6")

[node name="Rama2" parent="." instance=ExtResource("5_k0rdg")]
transform = Transform3D(1, 0, 0, 0, 0.360322, 0.932828, 0, -0.932828, 0.360322, -37.3194, -1.79305, -27.916)
max_living_spawns = 5
size = 2.0
chair_scene = ExtResource("13_e6qxu")

[node name="Rama3" parent="." instance=ExtResource("5_k0rdg")]
transform = Transform3D(1, 0, 0, 0, 0.210028, 0.977695, 0, -0.977695, 0.210028, -28.6153, -3.86837, -20.0952)
max_living_spawns = 5
size = 2.0
chair_scene = ExtResource("14_80f0u")

[node name="Arbol1" parent="." instance=ExtResource("5_k0rdg")]
transform = Transform3D(0.998122, 0.0612576, 0, -0.0612016, 0.997209, 0.042765, 0.00261968, -0.0426847, 0.999085, -119.83, 6.5504, 235.431)
sin_gravedad = true
max_living_spawns = 5
size = 15.0
chair_scene = ExtResource("15_klsl5")

[node name="Arbol12" parent="." instance=ExtResource("5_k0rdg")]
transform = Transform3D(0.999928, -0.0120425, 0, 0.0120425, 0.999928, 0, 0, 0, 1, -207.328, 0.159904, 193.285)
sin_gravedad = true
max_living_spawns = 5
size = 15.0
chair_scene = ExtResource("15_klsl5")

[node name="Arbol13" parent="." instance=ExtResource("5_k0rdg")]
transform = Transform3D(0.998122, 0.0612576, 0, -0.0611726, 0.996737, -0.0526671, -0.00322626, 0.0525682, 0.998612, -111.836, 9.19981, -114.568)
sin_gravedad = true
max_living_spawns = 5
size = 15.0
chair_scene = ExtResource("15_klsl5")

[node name="Arbol14" parent="." instance=ExtResource("5_k0rdg")]
transform = Transform3D(0.998122, 0.0612576, 0, -0.0612576, 0.998122, 0, 0, 0, 1, -56.6722, 3.97139, -137.057)
sin_gravedad = true
max_living_spawns = 5
size = 15.0
chair_scene = ExtResource("15_klsl5")

[node name="Arbol15" parent="." instance=ExtResource("5_k0rdg")]
transform = Transform3D(0.998122, 0.0612576, 0, -0.0608075, 0.990788, -0.121003, -0.00741236, 0.120776, 0.992652, -38.9564, 3.32591, 241.362)
sin_gravedad = true
max_living_spawns = 5
size = 15.0
chair_scene = ExtResource("15_klsl5")

[node name="Arbol16" parent="." instance=ExtResource("5_k0rdg")]
transform = Transform3D(0.998122, 0.0612576, 7.24045e-10, -0.0609797, 0.993593, -0.0951508, -0.0058287, 0.094972, 0.995463, 42.8919, 7.5699, 230.849)
sin_gravedad = true
max_living_spawns = 5
size = 15.0
chair_scene = ExtResource("15_klsl5")

[node name="Arbol17" parent="." instance=ExtResource("5_k0rdg")]
transform = Transform3D(0.998122, 0.0612576, 0, -0.0612576, 0.998122, 0, 0, 0, 1, 155.787, 5.55876, -121.205)
sin_gravedad = true
max_living_spawns = 5
size = 15.0
chair_scene = ExtResource("15_klsl5")

[node name="Arbol18" parent="." instance=ExtResource("5_k0rdg")]
transform = Transform3D(0.998122, 0.0612576, 0, -0.0612576, 0.998122, 0, 0, 0, 1, 184.032, 5.55876, -156.407)
sin_gravedad = true
max_living_spawns = 5
size = 15.0
chair_scene = ExtResource("15_klsl5")

[node name="Arbol19" parent="." instance=ExtResource("5_k0rdg")]
transform = Transform3D(0.998122, 0.0612576, 0, -0.0612576, 0.998122, 0, 0, 0, 1, 106.708, 5.55876, 142.386)
sin_gravedad = true
max_living_spawns = 5
size = 15.0
chair_scene = ExtResource("15_klsl5")

[node name="Arbol20" parent="." instance=ExtResource("5_k0rdg")]
transform = Transform3D(0.991086, 0.133225, 0, -0.133225, 0.991086, 0, 0, 0, 1, 57.4609, 4.82942, 182.145)
sin_gravedad = true
max_living_spawns = 5
size = 15.0
chair_scene = ExtResource("15_klsl5")

[node name="Arbol21" parent="." instance=ExtResource("5_k0rdg")]
transform = Transform3D(0.997995, 0.0612498, -0.0159342, -0.0612576, 0.998122, 0, 0.0159043, 0.00097609, 0.999873, 170.438, 3.88066, 157.527)
sin_gravedad = true
max_living_spawns = 5
size = 15.0
chair_scene = ExtResource("15_klsl5")

[node name="Arbol30" parent="." instance=ExtResource("5_k0rdg")]
transform = Transform3D(0.988433, 0.151658, 0, -0.151658, 0.988433, 0, 0, 0, 1, 4.3602, 5.8065, -190.392)
sin_gravedad = true
max_living_spawns = 5
size = 15.0
chair_scene = ExtResource("15_klsl5")

[node name="Arbol31" parent="." instance=ExtResource("5_k0rdg")]
transform = Transform3D(0.998122, 0.0612576, 0, -0.0612576, 0.998122, 0, 0, 0, 1, -92.6503, 1.90889, 176.23)
sin_gravedad = true
max_living_spawns = 5
size = 15.0
chair_scene = ExtResource("15_klsl5")

[node name="Arbol32" parent="." instance=ExtResource("5_k0rdg")]
transform = Transform3D(0.991002, 0.133848, 0, -0.133848, 0.991002, 0, 0, 0, 1, 208.634, 8.37611, 30.0313)
sin_gravedad = true
max_living_spawns = 5
size = 15.0
chair_scene = ExtResource("15_klsl5")

[node name="Arbol33" parent="." instance=ExtResource("5_k0rdg")]
transform = Transform3D(0.998122, 0.0612576, 0, -0.0612576, 0.998122, 0, 0, 0, 1, 194.054, 2.57466, 219.983)
sin_gravedad = true
max_living_spawns = 5
size = 15.0
chair_scene = ExtResource("15_klsl5")

[node name="Arbol34" parent="." instance=ExtResource("5_k0rdg")]
transform = Transform3D(0.998122, 0.0612576, 0, -0.0612576, 0.998122, 0, 0, 0, 1, 214.108, 4.865, 122.418)
sin_gravedad = true
max_living_spawns = 5
size = 15.0
chair_scene = ExtResource("15_klsl5")

[node name="Arbol35" parent="." instance=ExtResource("5_k0rdg")]
transform = Transform3D(0.998122, 0.0612576, 0, -0.0612576, 0.998122, 0, 0, 0, 1, 227.795, 1.31299, -65.6219)
sin_gravedad = true
max_living_spawns = 5
size = 15.0
chair_scene = ExtResource("15_klsl5")

[node name="Arbol36" parent="." instance=ExtResource("5_k0rdg")]
transform = Transform3D(0.994003, 0.109353, 0, -0.109353, 0.994003, 0, 0, 0, 1, 227.795, 5.8479, -178.709)
sin_gravedad = true
max_living_spawns = 5
size = 15.0
chair_scene = ExtResource("15_klsl5")

[node name="Arbol37" parent="." instance=ExtResource("5_k0rdg")]
transform = Transform3D(0.993857, 0.110671, 0, -0.110671, 0.993857, 0, 0, 0, 1, 111.66, 1.98991, -164.811)
sin_gravedad = true
max_living_spawns = 5
size = 15.0
chair_scene = ExtResource("15_klsl5")

[node name="Arbol38" parent="." instance=ExtResource("5_k0rdg")]
transform = Transform3D(0.999991, 0.00415388, 0, -0.00415388, 0.999991, 0, 0, 0, 1, -186.347, 0.551169, -164.811)
sin_gravedad = true
max_living_spawns = 5
size = 15.0
chair_scene = ExtResource("15_klsl5")

[node name="Arbol39" parent="." instance=ExtResource("5_k0rdg")]
transform = Transform3D(0.993857, 0.110671, 0, -0.110671, 0.993857, 0, 0, 0, 1, -52.7483, 1.98991, -185.345)
sin_gravedad = true
max_living_spawns = 5
size = 15.0
chair_scene = ExtResource("15_klsl5")

[node name="Arbol22" parent="." instance=ExtResource("5_k0rdg")]
transform = Transform3D(1, 0, 0, 0, 1, 0, 0, 0, 1, -148.644, 8.8615, -31.2431)
sin_gravedad = true
max_living_spawns = 5
size = 7.0
chair_scene = ExtResource("16_so0cp")

[node name="Arbol23" parent="." instance=ExtResource("5_k0rdg")]
transform = Transform3D(1, 0, 0, 0, 1, 0, 0, 0, 1, -195.008, 11.5017, -64.6916)
sin_gravedad = true
max_living_spawns = 5
size = 7.0
chair_scene = ExtResource("16_so0cp")

[node name="Arbol24" parent="." instance=ExtResource("5_k0rdg")]
transform = Transform3D(1, 0, 0, 0, 1, 0, 0, 0, 1, -172.52, 7.6405, -106.401)
sin_gravedad = true
max_living_spawns = 5
size = 7.0
chair_scene = ExtResource("16_so0cp")

[node name="Arbol25" parent="." instance=ExtResource("5_k0rdg")]
transform = Transform3D(0.99944, -0.0334517, 0, 0.0334517, 0.99944, 0, 0, 0, 1, -133.577, 12.0024, -126.717)
sin_gravedad = true
max_living_spawns = 5
size = 7.0
chair_scene = ExtResource("16_so0cp")

[node name="Arbol26" parent="." instance=ExtResource("5_k0rdg")]
transform = Transform3D(1, 0, 0, 0, 1, 0, 0, 0, 1, -143.581, 11.5017, -99.3727)
sin_gravedad = true
max_living_spawns = 5
size = 7.0
chair_scene = ExtResource("16_so0cp")

[node name="Arbol27" parent="." instance=ExtResource("5_k0rdg")]
transform = Transform3D(1, 0, 0, 0, 1, 0, 0, 0, 1, -231.618, 10.376, -64.6916)
sin_gravedad = true
max_living_spawns = 5
size = 7.0
chair_scene = ExtResource("16_so0cp")

[node name="Arbol28" parent="." instance=ExtResource("5_k0rdg")]
transform = Transform3D(1, 0, 0, 0, 1, 0, 0, 0, 1, -218.613, 7.9545, -94.7041)
sin_gravedad = true
max_living_spawns = 5
size = 7.0
chair_scene = ExtResource("16_so0cp")

[node name="Arbol29" parent="." instance=ExtResource("5_k0rdg")]
transform = Transform3D(1, 0, 0, 0, 1, 0, 0, 0, 1, -129.52, 7.2025, -30.9261)
sin_gravedad = true
max_living_spawns = 5
size = 7.0
chair_scene = ExtResource("16_so0cp")

[node name="Arbol210" parent="." instance=ExtResource("5_k0rdg")]
transform = Transform3D(1, 0, 0, 0, 1, 0, 0, 0, 1, 2.0612, 6.924, -64.6916)
sin_gravedad = true
max_living_spawns = 5
size = 7.0
chair_scene = ExtResource("16_so0cp")

[node name="Arbol211" parent="." instance=ExtResource("5_k0rdg")]
transform = Transform3D(1, 0, 0, 0, 1, 0, 0, 0, 1, -180.817, 10.8407, -32.8709)
sin_gravedad = true
max_living_spawns = 5
size = 7.0
chair_scene = ExtResource("16_so0cp")

[node name="Arbol212" parent="." instance=ExtResource("5_k0rdg")]
transform = Transform3D(1, 0, 0, 0, 1, 0, 0, 0, 1, -202.228, 4.98122, -122.894)
sin_gravedad = true
max_living_spawns = 5
size = 7.0
chair_scene = ExtResource("16_so0cp")

[node name="Arbol213" parent="." instance=ExtResource("5_k0rdg")]
transform = Transform3D(1, 0, 0, 0, 1, 0, 0, 0, 1, 24.3589, 7.7682, -36.8837)
sin_gravedad = true
max_living_spawns = 5
size = 7.0
chair_scene = ExtResource("16_so0cp")

[node name="Arbol214" parent="." instance=ExtResource("5_k0rdg")]
transform = Transform3D(1, 0, 0, 0, 1, 0, 0, 0, 1, -46.2263, 8.6806, -37.7632)
sin_gravedad = true
max_living_spawns = 5
size = 7.0
chair_scene = ExtResource("16_so0cp")

[node name="Arbol215" parent="." instance=ExtResource("5_k0rdg")]
transform = Transform3D(1, 0, 0, 0, 1, 0, 0, 0, 1, -30.3542, 6.5915, -118.64)
sin_gravedad = true
max_living_spawns = 5
size = 7.0
chair_scene = ExtResource("16_so0cp")

[node name="Arbol216" parent="." instance=ExtResource("5_k0rdg")]
transform = Transform3D(1, 0, 0, 0, 1, 0, 0, 0, 1, 13.1098, 6.8524, -108.473)
sin_gravedad = true
max_living_spawns = 5
size = 7.0
chair_scene = ExtResource("16_so0cp")

[node name="Arbol217" parent="." instance=ExtResource("5_k0rdg")]
transform = Transform3D(1, 0, 0, 0, 1, 0, 0, 0, 1, -7.8549, 11.5017, -148.12)
sin_gravedad = true
max_living_spawns = 5
size = 7.0
chair_scene = ExtResource("16_so0cp")

[node name="Arbol218" parent="." instance=ExtResource("5_k0rdg")]
transform = Transform3D(1, 0, 0, 0, 1, 0, 0, 0, 1, -117.584, 11.5017, -158.586)
sin_gravedad = true
max_living_spawns = 5
size = 7.0
chair_scene = ExtResource("16_so0cp")

[node name="Arbol219" parent="." instance=ExtResource("5_k0rdg")]
transform = Transform3D(1, 0, 0, 0, 1, 0, 0, 0, 1, -79.0197, 5.9811, 45.2091)
sin_gravedad = true
max_living_spawns = 5
size = 7.0
chair_scene = ExtResource("16_so0cp")

[node name="Arbol220" parent="." instance=ExtResource("5_k0rdg")]
transform = Transform3D(1, 0, 0, 0, 1, 0, 0, 0, 1, -17.5266, 5.55146, 58.3301)
sin_gravedad = true
max_living_spawns = 5
size = 7.0
chair_scene = ExtResource("16_so0cp")

[node name="Arbol221" parent="." instance=ExtResource("5_k0rdg")]
transform = Transform3D(1, 0, 0, 0, 1, 0, 0, 0, 1, -160.219, 8.5642, 66.5149)
sin_gravedad = true
max_living_spawns = 5
size = 7.0
chair_scene = ExtResource("16_so0cp")

[node name="Arbol222" parent="." instance=ExtResource("5_k0rdg")]
transform = Transform3D(1, 0, 0, 0, 1, 0, 0, 0, 1, 101.275, 11.5017, -118.64)
sin_gravedad = true
max_living_spawns = 5
size = 7.0
chair_scene = ExtResource("16_so0cp")

[node name="Arbol223" parent="." instance=ExtResource("5_k0rdg")]
transform = Transform3D(1, 0, 0, 0, 1, 0, 0, 0, 1, 60.1019, 11.5017, -171.236)
sin_gravedad = true
max_living_spawns = 5
size = 7.0
chair_scene = ExtResource("16_so0cp")

[node name="Arbol224" parent="." instance=ExtResource("5_k0rdg")]
transform = Transform3D(1, 0, 0, 0, 1, 0, 0, 0, 1, 184.213, 11.5017, -100.88)
sin_gravedad = true
max_living_spawns = 5
size = 7.0
chair_scene = ExtResource("16_so0cp")

[node name="Arbol225" parent="." instance=ExtResource("5_k0rdg")]
transform = Transform3D(1, 0, 0, 0, 1, 0, 0, 0, 1, 142.563, 11.5017, -98.3128)
sin_gravedad = true
max_living_spawns = 5
size = 7.0
chair_scene = ExtResource("16_so0cp")

[node name="Arbol226" parent="." instance=ExtResource("5_k0rdg")]
transform = Transform3D(1, 0, 0, 0, 1, 0, 0, 0, 1, 93.2799, 10.2847, -52.168)
sin_gravedad = true
max_living_spawns = 5
size = 7.0
chair_scene = ExtResource("16_so0cp")

[node name="Arbol227" parent="." instance=ExtResource("5_k0rdg")]
