[gd_scene load_steps=43 format=3 uid="uid://ctjhgbe7lv625"]

[ext_resource type="Script" path="res://CoreScenes/Main/main.gd" id="1_sg1ki"]
[ext_resource type="Texture2D" uid="uid://bexol24inxyjb" path="res://Joe_Biden_presidential_portrait.jpg" id="2_u3ikh"]
[ext_resource type="PackedScene" uid="uid://bm5vltrp28oor" path="res://CoreScenes/Player/player.tscn" id="3_87utk"]
[ext_resource type="Script" path="res://CoreScenes/Camera/Camera3D.gd" id="4_7or6k"]
[ext_resource type="PackedScene" uid="uid://f4j3jsayehft" path="res://CoreScenes/Liftable/liftable_object_spawner.tscn" id="5_k0rdg"]
[ext_resource type="PackedScene" uid="uid://bmvao6iglaf58" path="res://ObjectScenes/mesa.tscn" id="6_0ugbt"]
[ext_resource type="PackedScene" uid="uid://dqbfucyr4es7g" path="res://ObjectScenes/casa.tscn" id="6_33ade"]
[ext_resource type="PackedScene" uid="uid://betinjxibra4m" path="res://ObjectScenes/gun1.tscn" id="6_egcnx"]
[ext_resource type="PackedScene" uid="uid://cyg7ngj5xfh6a" path="res://ObjectScenes/caja.tscn" id="6_gbfgx"]
[ext_resource type="PackedScene" uid="uid://is1sl78rawdc" path="res://ObjectScenes/piedra1.tscn" id="6_ono35"]
[ext_resource type="PackedScene" uid="uid://cocvn12pheqm7" path="res://ObjectScenes/auto.tscn" id="6_ovi30"]
[ext_resource type="PackedScene" uid="uid://csq3kr34vcl8d" path="res://ObjectScenes/gato.tscn" id="7_8j1ww"]
[ext_resource type="PackedScene" uid="uid://dhlsrcobhutet" path="res://ObjectScenes/gun2.tscn" id="7_egoh1"]
[ext_resource type="PackedScene" uid="uid://shpecs40aeg1" path="res://ObjectScenes/bicicleta.tscn" id="7_gayc8"]
[ext_resource type="PackedScene" uid="uid://ced6ei1jpv1s3" path="res://ObjectScenes/piedra2.tscn" id="7_uadqf"]
[ext_resource type="PackedScene" uid="uid://b0ugwr3kb7olo" path="res://ObjectScenes/piedra3.tscn" id="8_ejbl4"]
[ext_resource type="PackedScene" uid="uid://cvvfe7avdip5d" path="res://ObjectScenes/gnomo.tscn" id="8_fyl7o"]
[ext_resource type="PackedScene" uid="uid://b7idl08n3ayjh" path="res://ObjectScenes/lamparota.tscn" id="9_c14ao"]
[ext_resource type="PackedScene" uid="uid://bs8fllfi7whk6" path="res://ObjectScenes/piedra4.tscn" id="9_qh1f1"]
[ext_resource type="PackedScene" uid="uid://bxorb0qta72nk" path="res://ObjectScenes/piedra5.tscn" id="10_jktvy"]
[ext_resource type="PackedScene" uid="uid://r06xjtpc48qo" path="res://ObjectScenes/planta.tscn" id="10_joosv"]
[ext_resource type="PackedScene" uid="uid://nq01deo33fp3" path="res://ObjectScenes/basura.tscn" id="11_dy6rh"]
[ext_resource type="PackedScene" uid="uid://bc5in4ctsna82" path="res://ObjectScenes/piedra6.tscn" id="11_xc3bs"]
[ext_resource type="PackedScene" uid="uid://dqnl8q8yrp34b" path="res://ObjectScenes/rama1.tscn" id="12_mtvc6"]
[ext_resource type="PackedScene" uid="uid://cumoophnshusm" path="res://ObjectScenes/rama2.tscn" id="13_e6qxu"]
[ext_resource type="PackedScene" uid="uid://cc0ywft7nvn8r" path="res://ObjectScenes/rama3.tscn" id="14_80f0u"]
[ext_resource type="PackedScene" uid="uid://bb16c3lx213bf" path="res://ObjectScenes/arbol1.tscn" id="15_klsl5"]
[ext_resource type="PackedScene" uid="uid://u0mo25onbvly" path="res://ObjectScenes/arbol2.tscn" id="16_so0cp"]
[ext_resource type="PackedScene" uid="uid://cx62hokk7bi82" path="res://ObjectScenes/craneo.tscn" id="17_n31h7"]
[ext_resource type="PackedScene" uid="uid://rlmc5wte2jpe" path="res://ObjectScenes/silla2.tscn" id="18_8whbr"]
[ext_resource type="PackedScene" uid="uid://bcaiyqbwg6v20" path="res://ObjectScenes/chair.tscn" id="19_t2hym"]
[ext_resource type="PackedScene" uid="uid://dbqm7rwijbgoh" path="res://ObjectScenes/terreno.tscn" id="20_se67r"]
[ext_resource type="Shader" path="res://shader-bordes/main.gdshader" id="33_sy8ko"]

[sub_resource type="BoxShape3D" id="BoxShape3D_6kjjv"]
size = Vector3(250, 2, 250)

[sub_resource type="StandardMaterial3D" id="StandardMaterial3D_vmo7x"]
albedo_texture = ExtResource("2_u3ikh")

[sub_resource type="BoxMesh" id="BoxMesh_8p3s3"]
size = Vector3(250, 2, 250)

[sub_resource type="ProceduralSkyMaterial" id="ProceduralSkyMaterial_fxqy7"]

[sub_resource type="Sky" id="Sky_d4kom"]
sky_material = SubResource("ProceduralSkyMaterial_fxqy7")

[sub_resource type="Environment" id="Environment_vrfd6"]
background_mode = 2
background_color = Color(0, 0.329412, 0.411765, 1)
sky = SubResource("Sky_d4kom")

[sub_resource type="BoxMesh" id="BoxMesh_yteiw"]
lightmap_size_hint = Vector2i(14, 21)

[sub_resource type="ShaderMaterial" id="ShaderMaterial_rk6py"]
render_priority = 0
shader = ExtResource("33_sy8ko")
shader_parameter/color = null
shader_parameter/sphere_size = 3.0

[sub_resource type="ConcavePolygonShape3D" id="ConcavePolygonShape3D_k4pag"]
data = PackedVector3Array(-0.5, 0.5, 0.5, 0.5, 0.5, 0.5, -0.5, -0.5, 0.5, 0.5, 0.5, 0.5, 0.5, -0.5, 0.5, -0.5, -0.5, 0.5, 0.5, 0.5, -0.5, -0.5, 0.5, -0.5, 0.5, -0.5, -0.5, -0.5, 0.5, -0.5, -0.5, -0.5, -0.5, 0.5, -0.5, -0.5, 0.5, 0.5, 0.5, 0.5, 0.5, -0.5, 0.5, -0.5, 0.5, 0.5, 0.5, -0.5, 0.5, -0.5, -0.5, 0.5, -0.5, 0.5, -0.5, 0.5, -0.5, -0.5, 0.5, 0.5, -0.5, -0.5, -0.5, -0.5, 0.5, 0.5, -0.5, -0.5, 0.5, -0.5, -0.5, -0.5, 0.5, 0.5, 0.5, -0.5, 0.5, 0.5, 0.5, 0.5, -0.5, -0.5, 0.5, 0.5, -0.5, 0.5, -0.5, 0.5, 0.5, -0.5, -0.5, -0.5, 0.5, 0.5, -0.5, 0.5, -0.5, -0.5, -0.5, 0.5, -0.5, 0.5, 0.5, -0.5, -0.5, -0.5, -0.5, -0.5)

[node name="Main" type="Node"]
script = ExtResource("1_sg1ki")

[node name="TemporaryGround" type="StaticBody3D" parent="."]
transform = Transform3D(1, 0, 0, 0, 1, 0, 0, 0, 1, 0, -35.2265, 0)

[node name="CollisionShape3D" type="CollisionShape3D" parent="TemporaryGround"]
shape = SubResource("BoxShape3D_6kjjv")

[node name="MeshInstance3D" type="MeshInstance3D" parent="TemporaryGround"]
material_override = SubResource("StandardMaterial3D_vmo7x")
mesh = SubResource("BoxMesh_8p3s3")
skeleton = NodePath("../CollisionShape3D")

[node name="DirectionalLight3D" type="DirectionalLight3D" parent="."]
transform = Transform3D(0.996956, 0.072345, 0.0290832, -0.0407549, 0.165502, 0.985367, 0.066473, -0.983552, 0.167947, -178.94, 0.043045, -0.985832)
light_color = Color(0.968627, 0.956863, 0.988235, 1)
light_energy = 1.329
light_indirect_energy = 1.315
light_volumetric_fog_energy = 2.096
light_angular_distance = 7.4
directional_shadow_max_distance = 128.0

[node name="Player" parent="." groups=["balls"] instance=ExtResource("3_87utk")]
transform = Transform3D(1, 0, 0, 0, 1, 0, 0, 0, 1, 0.118053, 1.4713, 0)
mass = 0.1

[node name="Camera3D" type="Camera3D" parent="."]
transform = Transform3D(-0.995569, -0.0358566, 0.0869345, 0, 0.924453, 0.381296, -0.0940389, 0.379606, -0.920356, -1.11855, 8.01627, -34.0614)
current = true
fov = 75.9375
script = ExtResource("4_7or6k")

[node name="Silla" parent="." instance=ExtResource("5_k0rdg")]
transform = Transform3D(1, 0, 0, 0, 1, 0, 0, 0, 1, -3.78054, 1.85921, -29.1651)
size = 2.0

[node name="Auto" parent="." instance=ExtResource("5_k0rdg")]
transform = Transform3D(0.996979, -0.0707086, -0.0321538, -0.0776761, -0.907551, -0.412696, 0, 0.413947, -0.910301, 200.14, 5.92982, -98.1523)
size = 2.0
chair_scene = ExtResource("6_ovi30")

[node name="Bicicleta" parent="." instance=ExtResource("5_k0rdg")]
transform = Transform3D(1, 0, 0, 0, 0.417978, 0.908457, 0, -0.908457, 0.417978, 8.15901, 1.52503, -29.1651)
size = 2.0
chair_scene = ExtResource("7_gayc8")

[node name="Bicicleta2" parent="." instance=ExtResource("5_k0rdg")]
transform = Transform3D(1, 0, 0, 0, 0.999521, -0.0309572, 0, 0.0309572, 0.999521, -34.0284, 3.95597, 110.181)
size = 2.0
chair_scene = ExtResource("7_gayc8")

[node name="Bicicleta3" parent="." instance=ExtResource("5_k0rdg")]
transform = Transform3D(-0.112845, 0.950278, -0.290238, -0.0456084, 0.286842, 0.956892, 0.992565, 0.121218, 0.010972, 232.416, 3.89362, 45.449)
size = 2.0
chair_scene = ExtResource("7_gayc8")

[node name="Caja" parent="." instance=ExtResource("5_k0rdg")]
transform = Transform3D(0.999434, -0.0314069, -0.0120228, 0.0297374, 0.992308, -0.12017, 0.0157045, 0.119744, 0.992681, -2.66054, 2.73219, -37.7923)
size = 2.0
chair_scene = ExtResource("6_gbfgx")

[node name="Caja2" parent="." instance=ExtResource("5_k0rdg")]
transform = Transform3D(0.994338, -0.0299575, 0.10195, 0.0464087, 0.985527, -0.163041, -0.0955901, 0.166849, 0.981338, -3.94116, 2.65927, -37.6501)
size = 2.0
chair_scene = ExtResource("6_gbfgx")

[node name="Caja3" parent="." instance=ExtResource("5_k0rdg")]
transform = Transform3D(-0.0237961, 0.611753, 0.790691, 0.021871, 0.791044, -0.611368, -0.999477, 0.00274501, -0.0322034, -1.56649, 2.95208, -37.7174)
size = 2.0
chair_scene = ExtResource("6_gbfgx")

[node name="Caja4" parent="." instance=ExtResource("5_k0rdg")]
transform = Transform3D(-0.134512, -0.0161187, 0.990781, 0.203028, 0.978207, 0.0434781, -0.96989, 0.207004, -0.128308, -3.32054, 3.4388, -37.5677)
size = 2.0
chair_scene = ExtResource("6_gbfgx")

[node name="Arma1" parent="." instance=ExtResource("5_k0rdg")]
transform = Transform3D(0.950239, 0, 0.311522, 0, 1, 0, -0.311522, 0, 0.950239, 20.2304, 5.69017, 56.9251)
size = 2.0
chair_scene = ExtResource("6_egcnx")

[node name="Arma2" parent="." instance=ExtResource("5_k0rdg")]
transform = Transform3D(0.950239, 0, 0.311522, 0, 1, 0, -0.311522, 0, 0.950239, -3.78189, 5.69017, 18.7014)
chair_scene = ExtResource("7_egoh1")

[node name="Piedra1" parent="." instance=ExtResource("5_k0rdg")]
transform = Transform3D(1, 0, 0, 0, 1, 0, 0, 0, 1, 32.0121, 1.59107, 41.8533)
chair_scene = ExtResource("6_ono35")

[node name="Piedra2" parent="." instance=ExtResource("5_k0rdg")]
transform = Transform3D(1, 0, 0, 0, 1, 0, 0, 0, 1, -8.21842, -0.879987, 27.8376)
chair_scene = ExtResource("7_uadqf")

[node name="Piedra3" parent="." instance=ExtResource("5_k0rdg")]
transform = Transform3D(1, 0, 0, 0, 1, 0, 0, 0, 1, -8.21842, -0.879987, 32.198)
chair_scene = ExtResource("8_ejbl4")

[node name="Piedra4" parent="." instance=ExtResource("5_k0rdg")]
transform = Transform3D(0.830819, 0.556542, 0, -0.556542, 0.830819, 0, 0, 0, 1, -8.21842, -0.879987, 23.9352)
chair_scene = ExtResource("9_qh1f1")

[node name="Piedra5" parent="." instance=ExtResource("5_k0rdg")]
transform = Transform3D(1, 0, 0, 0, 1, 0, 0, 0, 1, 6.97701, -0.879987, 27.3582)
chair_scene = ExtResource("10_jktvy")

[node name="Piedra6" parent="." instance=ExtResource("5_k0rdg")]
transform = Transform3D(1, 0, 0, 0, 1, 0, 0, 0, 1, -20.7743, -0.879987, 27.167)
chair_scene = ExtResource("11_xc3bs")

[node name="Casa" parent="." instance=ExtResource("5_k0rdg")]
transform = Transform3D(0.143887, -0.0295692, 0.989152, 0.00512987, 0.999562, 0.0291341, -0.989581, 0.000882208, 0.143976, 104.516, 4.70005, 128.637)
size = 7.0
chair_scene = ExtResource("6_33ade")

[node name="Casa2" parent="." instance=ExtResource("5_k0rdg")]
transform = Transform3D(0.14395, 0.0257663, 0.98925, -0.00283659, 0.999667, -0.0256249, -0.989581, 0.000882601, 0.143976, 157.56, 9.26996, 126.487)
size = 7.0
chair_scene = ExtResource("6_33ade")

[node name="Casa3" parent="." instance=ExtResource("5_k0rdg")]
transform = Transform3D(0.143978, 0.00225961, 0.989578, -0.0622616, 0.998037, 0.00677977, -0.98762, -0.0625888, 0.143836, 39.7998, 7.58504, 132.729)
size = 7.0
chair_scene = ExtResource("6_33ade")

[node name="Casa4" parent="." instance=ExtResource("5_k0rdg")]
transform = Transform3D(-0.0905395, 0.0390955, -0.995125, 0.0703738, 0.996982, 0.0327656, 0.993403, -0.0670641, -0.0930176, 44.8925, 8.78698, -53.8123)
size = 7.0
chair_scene = ExtResource("6_33ade")

[node name="Casa5" parent="." instance=ExtResource("5_k0rdg")]
transform = Transform3D(-0.0897274, -0.045908, -0.994907, -0.0876205, 0.995427, -0.0380298, 0.992105, 0.083762, -0.0933397, -12.5287, 9.92528, -56.9046)
size = 7.0
chair_scene = ExtResource("6_33ade")

[node name="Casa6" parent="." instance=ExtResource("5_k0rdg")]
transform = Transform3D(0.14383, -0.0392691, 0.988823, 0.00652653, 0.999228, 0.038733, -0.989581, 0.000882602, 0.143976, 235.727, 8.59318, 137.57)
size = 7.0
chair_scene = ExtResource("6_33ade")

[node name="Casa7" parent="." instance=ExtResource("5_k0rdg")]
transform = Transform3D(0.14353, -0.0328303, 0.989101, 0.0196024, 0.999348, 0.0303259, -0.989452, 0.0150361, 0.14408, -107.512, 6.31234, 127.115)
size = 7.0
chair_scene = ExtResource("6_33ade")

[node name="Casa8" parent="." instance=ExtResource("5_k0rdg")]
transform = Transform3D(-0.0797577, -0.0635829, -0.994785, -0.00463806, 0.997977, -0.0634151, 0.996804, -0.000443993, -0.0798912, 147.26, 6.92509, -58.1575)
size = 7.0
chair_scene = ExtResource("6_33ade")

[node name="Casa9" parent="." instance=ExtResource("5_k0rdg")]
transform = Transform3D(-0.23749, 0.0391745, -0.9706, 0.00652653, 0.999228, 0.038733, 0.971368, 0.00286404, -0.237562, 226.418, 7.18507, -40.7992)
size = 7.0
chair_scene = ExtResource("6_33ade")

[node name="Casa10" parent="." instance=ExtResource("5_k0rdg")]
transform = Transform3D(0.143886, 0.0419012, 0.988707, -0.00516012, 0.999121, -0.0415916, -0.989581, 0.000882604, 0.143976, -39.7044, 10.1042, 131.819)
size = 7.0
chair_scene = ExtResource("6_33ade")

[node name="Casa11" parent="." instance=ExtResource("5_k0rdg")]
transform = Transform3D(-0.019821, 0.0102149, -0.999751, 0.0415992, 0.99909, 0.00938343, 0.998938, -0.0414029, -0.0202279, -84.835, 8.67991, -41.3374)
size = 7.0
chair_scene = ExtResource("6_33ade")

[node name="Casa12" parent="." instance=ExtResource("5_k0rdg")]
transform = Transform3D(-0.990549, 0.00115331, 0.137155, 0.000654364, 0.999993, -0.00368273, -0.137159, -0.00355813, -0.990543, 250.867, 11.4819, 44.693)
size = 7.0
chair_scene = ExtResource("6_33ade")

[node name="Gato" parent="." instance=ExtResource("5_k0rdg")]
transform = Transform3D(-0.999999, 0, 0.00120416, 0, 1, 0, -0.00120416, 0, -0.999999, 5.36116, 1.704, 125.686)
chair_scene = ExtResource("7_8j1ww")

[node name="Mesa" parent="." instance=ExtResource("5_k0rdg")]
transform = Transform3D(0.991215, -0.120979, -0.0534437, 0.12559, 0.987659, 0.0935743, 0.0414637, -0.0994643, 0.994177, 227.201, 3.80185, 34.3044)
chair_scene = ExtResource("6_0ugbt")

[node name="Gnomo" parent="." instance=ExtResource("5_k0rdg")]
transform = Transform3D(1, 0, 0, 0, 1, 0, 0, 0, 1, 44.005, 2.7888, -21.3256)
size = 1.5
chair_scene = ExtResource("8_fyl7o")

[node name="Lamparota" parent="." instance=ExtResource("5_k0rdg")]
transform = Transform3D(1, 0, 0, 0, 1, 0, 0, 0, 1, -71.3896, 14.4253, -15.4226)
size = 4.0
chair_scene = ExtResource("9_c14ao")

[node name="Lamparota2" parent="." instance=ExtResource("5_k0rdg")]
transform = Transform3D(0.999606, -0.0280612, 0, 0.0280612, 0.999606, 0, 0, 0, 1, 8.34524, 13.5915, -20.1502)
size = 4.0
chair_scene = ExtResource("9_c14ao")

[node name="Lamparota3" parent="." instance=ExtResource("5_k0rdg")]
transform = Transform3D(1, 0, 0, 0, 1, 0, 0, 0, 1, 52.0548, 15.6596, -25.6787)
size = 4.0
chair_scene = ExtResource("9_c14ao")

[node name="Lamparota4" parent="." instance=ExtResource("5_k0rdg")]
transform = Transform3D(1, 0, 0, 0, 1, 0, 0, 0, 1, 158.187, 14.5582, -33.6391)
size = 4.0
chair_scene = ExtResource("9_c14ao")

[node name="Lamparota5" parent="." instance=ExtResource("5_k0rdg")]
transform = Transform3D(1, 0, 0, 0, 1, 0, 0, 0, 1, 238.257, 12.4789, -16.1458)
size = 4.0
chair_scene = ExtResource("9_c14ao")

[node name="Lamparota6" parent="." instance=ExtResource("5_k0rdg")]
transform = Transform3D(1, 0, 0, 0, 1, 0, 0, 0, 1, 235.494, 17.0869, 59.123)
size = 4.0
chair_scene = ExtResource("9_c14ao")

[node name="Lamparota7" parent="." instance=ExtResource("5_k0rdg")]
transform = Transform3D(1, 0, 0, 0, 1, 0, 0, 0, 1, 219.196, 12.1912, 105.941)
size = 4.0
chair_scene = ExtResource("9_c14ao")

[node name="Lamparota8" parent="." instance=ExtResource("5_k0rdg")]
transform = Transform3D(0.999884, 0.0152361, 0, -0.0152361, 0.999884, 0, 0, 0, 1, -119.013, 12.0842, 92.5642)
size = 4.0
chair_scene = ExtResource("9_c14ao")

[node name="Lamparota9" parent="." instance=ExtResource("5_k0rdg")]
transform = Transform3D(1, 0, 0, 0, 0.999519, 0.031027, 0, -0.031027, 0.999519, -49.7517, 14.9985, 91.5361)
size = 4.0
chair_scene = ExtResource("9_c14ao")

[node name="Lamparota10" parent="." instance=ExtResource("5_k0rdg")]
transform = Transform3D(1, 0, 0, 0, 1, 0, 0, 0, 1, 22.3046, 13.8141, 101.231)
size = 4.0
chair_scene = ExtResource("9_c14ao")

[node name="Lamparota11" parent="." instance=ExtResource("5_k0rdg")]
transform = Transform3D(1, 0, 0, 0, 1, 0, 0, 0, 1, 88.3039, 10.9193, 98.4152)
size = 4.0
chair_scene = ExtResource("9_c14ao")

[node name="Lamparota12" parent="." instance=ExtResource("5_k0rdg")]
transform = Transform3D(1, 0, 0, 0, 1, 0, 0, 0, 1, 141.985, 15.6451, 95.1038)
size = 4.0
chair_scene = ExtResource("9_c14ao")

[node name="Planta" parent="." instance=ExtResource("5_k0rdg")]
transform = Transform3D(0.999894, 0.0145381, 0, -0.0145381, 0.999894, 0, 0, 0, 1, -23.6038, 3.54641, 115.082)
size = 2.0
chair_scene = ExtResource("10_joosv")

[node name="Basura" parent="." instance=ExtResource("5_k0rdg")]
transform = Transform3D(1, 0, 0, 0, 1, 0, 0, 0, 1, 23.511, 0.828382, -0.47934)
size = 2.0
chair_scene = ExtResource("11_dy6rh")

[node name="Basura2" parent="." instance=ExtResource("5_k0rdg")]
transform = Transform3D(1, 0, 0, 0, 1, 0, 0, 0, 1, 54.0335, 1.81337, -0.47934)
size = 2.0
chair_scene = ExtResource("11_dy6rh")

[node name="Basura3" parent="." instance=ExtResource("5_k0rdg")]
transform = Transform3D(0.99829, 0.0581177, -0.00624895, -0.0584526, 0.992569, -0.106723, 0, 0.106906, 0.994269, -23.0754, -2.56853, -0.47934)
size = 2.0
chair_scene = ExtResource("11_dy6rh")

[node name="Basura4" parent="." instance=ExtResource("5_k0rdg")]
transform = Transform3D(1, 0, 0, 0, 0.999134, 0.0415966, 0, -0.0415966, 0.999134, 155.388, 3.80706, -0.47934)
size = 2.0
chair_scene = ExtResource("11_dy6rh")

[node name="Basura5" parent="." instance=ExtResource("5_k0rdg")]
transform = Transform3D(1, 0, 0, 0, 1, 0, 0, 0, 1, 224.203, 1.03008, -1.4072)
size = 2.0
chair_scene = ExtResource("11_dy6rh")

[node name="Basura6" parent="." instance=ExtResource("5_k0rdg")]
transform = Transform3D(1, 0, 0, 0, 1, 0, 0, 0, 1, -77.5192, 1.4982, -0.47934)
size = 2.0
chair_scene = ExtResource("11_dy6rh")

[node name="Basura7" parent="." instance=ExtResource("5_k0rdg")]
transform = Transform3D(0.998518, 0.0542728, 0.00409889, -0.0543203, 0.998445, 0.0125245, -0.00341278, -0.0127285, 0.999913, -28.8751, 1.84435, 93.0855)
size = 2.0
chair_scene = ExtResource("11_dy6rh")

[node name="Basura8" parent="." instance=ExtResource("5_k0rdg")]
transform = Transform3D(1, 0, 0, 0, 1, 0, 0, 0, 1, 31.8784, 0.538327, 96.65)
size = 2.0
chair_scene = ExtResource("11_dy6rh")

[node name="Basura9" parent="." instance=ExtResource("5_k0rdg")]
transform = Transform3D(1, 0, 0, 0, 1, 0, 0, 0, 1, 99.1374, -1.04008, 81.1907)
size = 2.0
chair_scene = ExtResource("11_dy6rh")

[node name="Basura10" parent="." instance=ExtResource("5_k0rdg")]
transform = Transform3D(1, 0, 0, 0, 1, 0, 0, 0, 1, 213.882, 0.362191, 84.4027)
size = 2.0
chair_scene = ExtResource("11_dy6rh")

[node name="Basura11" parent="." instance=ExtResource("5_k0rdg")]
transform = Transform3D(1, 0, 0, 0, 1, 0, 0, 0, 1, -79.7039, -1.41853, 69.7994)
size = 2.0
chair_scene = ExtResource("11_dy6rh")

[node name="Rama1" parent="." instance=ExtResource("5_k0rdg")]
transform = Transform3D(1, 0, 0, 0, 0.910921, 0.41258, 0, -0.41258, 0.910921, 4.48623, 3.98371, 28.5095)
chair_scene = ExtResource("12_mtvc6")

[node name="Rama2" parent="." instance=ExtResource("5_k0rdg")]
transform = Transform3D(1, 0, 0, 0, 0.360322, 0.932828, 0, -0.932828, 0.360322, 46.8697, 2.50095, 2.1343)
size = 2.0
chair_scene = ExtResource("13_e6qxu")

[node name="Rama3" parent="." instance=ExtResource("5_k0rdg")]
transform = Transform3D(1, 0, 0, 0, 0.210028, 0.977695, 0, -0.977695, 0.210028, 55.5738, 0.425631, 9.95509)
size = 2.0
chair_scene = ExtResource("14_80f0u")

[node name="Arbol1" parent="." instance=ExtResource("5_k0rdg")]
transform = Transform3D(0.998122, 0.0612576, 0, -0.0612016, 0.997209, 0.042765, 0.00261968, -0.0426847, 0.999085, -35.641, 10.8444, 265.481)
size = 15.0
chair_scene = ExtResource("15_klsl5")

[node name="Arbol12" parent="." instance=ExtResource("5_k0rdg")]
transform = Transform3D(0.999928, -0.0120425, 0, 0.0120425, 0.999928, 0, 0, 0, 1, -123.139, 4.4539, 223.335)
size = 15.0
chair_scene = ExtResource("15_klsl5")

[node name="Arbol13" parent="." instance=ExtResource("5_k0rdg")]
transform = Transform3D(0.998122, 0.0612576, 0, -0.0611726, 0.996737, -0.0526671, -0.00322626, 0.0525682, 0.998612, -27.6471, 13.4938, -84.5179)
size = 15.0
chair_scene = ExtResource("15_klsl5")

[node name="Arbol14" parent="." instance=ExtResource("5_k0rdg")]
transform = Transform3D(0.998122, 0.0612576, 0, -0.0612576, 0.998122, 0, 0, 0, 1, 27.5169, 8.26539, -107.007)
size = 15.0
chair_scene = ExtResource("15_klsl5")

[node name="Arbol15" parent="." instance=ExtResource("5_k0rdg")]
transform = Transform3D(0.998122, 0.0612576, 0, -0.0608075, 0.990788, -0.121003, -0.00741236, 0.120776, 0.992652, 45.2327, 7.61991, 271.412)
size = 15.0
chair_scene = ExtResource("15_klsl5")

[node name="Arbol16" parent="." instance=ExtResource("5_k0rdg")]
transform = Transform3D(0.998122, 0.0612576, 7.24045e-10, -0.0609797, 0.993593, -0.0951508, -0.0058287, 0.094972, 0.995463, 127.081, 11.8639, 260.899)
size = 15.0
chair_scene = ExtResource("15_klsl5")

[node name="Arbol17" parent="." instance=ExtResource("5_k0rdg")]
transform = Transform3D(0.998122, 0.0612576, 0, -0.0612576, 0.998122, 0, 0, 0, 1, 239.976, 9.85276, -91.1545)
size = 15.0
chair_scene = ExtResource("15_klsl5")

[node name="Arbol18" parent="." instance=ExtResource("5_k0rdg")]
transform = Transform3D(0.998122, 0.0612576, 0, -0.0612576, 0.998122, 0, 0, 0, 1, 268.221, 9.85276, -126.357)
size = 15.0
chair_scene = ExtResource("15_klsl5")

[node name="Arbol19" parent="." instance=ExtResource("5_k0rdg")]
transform = Transform3D(0.998122, 0.0612576, 0, -0.0612576, 0.998122, 0, 0, 0, 1, 190.897, 9.85276, 172.436)
size = 15.0
chair_scene = ExtResource("15_klsl5")

[node name="Arbol20" parent="." instance=ExtResource("5_k0rdg")]
transform = Transform3D(0.991086, 0.133225, 0, -0.133225, 0.991086, 0, 0, 0, 1, 141.65, 9.12342, 212.195)
size = 15.0
chair_scene = ExtResource("15_klsl5")

[node name="Arbol21" parent="." instance=ExtResource("5_k0rdg")]
transform = Transform3D(0.997995, 0.0612498, -0.0159342, -0.0612576, 0.998122, 0, 0.0159043, 0.00097609, 0.999873, 254.627, 8.17466, 187.577)
size = 15.0
chair_scene = ExtResource("15_klsl5")

[node name="Arbol30" parent="." instance=ExtResource("5_k0rdg")]
transform = Transform3D(0.988433, 0.151658, 0, -0.151658, 0.988433, 0, 0, 0, 1, 88.5493, 10.1005, -160.342)
size = 15.0
chair_scene = ExtResource("15_klsl5")

[node name="Arbol31" parent="." instance=ExtResource("5_k0rdg")]
transform = Transform3D(0.998122, 0.0612576, 0, -0.0612576, 0.998122, 0, 0, 0, 1, -8.4612, 6.20289, 206.28)
size = 15.0
chair_scene = ExtResource("15_klsl5")

[node name="Arbol32" parent="." instance=ExtResource("5_k0rdg")]
transform = Transform3D(0.991002, 0.133848, 0, -0.133848, 0.991002, 0, 0, 0, 1, 292.823, 12.6701, 60.0816)
size = 15.0
chair_scene = ExtResource("15_klsl5")

[node name="Arbol33" parent="." instance=ExtResource("5_k0rdg")]
transform = Transform3D(0.998122, 0.0612576, 0, -0.0612576, 0.998122, 0, 0, 0, 1, 278.243, 6.86866, 250.033)
size = 15.0
chair_scene = ExtResource("15_klsl5")

[node name="Arbol34" parent="." instance=ExtResource("5_k0rdg")]
transform = Transform3D(0.998122, 0.0612576, 0, -0.0612576, 0.998122, 0, 0, 0, 1, 298.297, 9.159, 152.468)
size = 15.0
chair_scene = ExtResource("15_klsl5")

[node name="Arbol35" parent="." instance=ExtResource("5_k0rdg")]
transform = Transform3D(0.998122, 0.0612576, 0, -0.0612576, 0.998122, 0, 0, 0, 1, 311.984, 5.60699, -35.5716)
size = 15.0
chair_scene = ExtResource("15_klsl5")

[node name="Arbol36" parent="." instance=ExtResource("5_k0rdg")]
transform = Transform3D(0.994003, 0.109353, 0, -0.109353, 0.994003, 0, 0, 0, 1, 311.984, 10.1419, -148.659)
size = 15.0
chair_scene = ExtResource("15_klsl5")

[node name="Arbol37" parent="." instance=ExtResource("5_k0rdg")]
transform = Transform3D(0.993857, 0.110671, 0, -0.110671, 0.993857, 0, 0, 0, 1, 195.849, 6.2839, -134.761)
size = 15.0
chair_scene = ExtResource("15_klsl5")

[node name="Arbol38" parent="." instance=ExtResource("5_k0rdg")]
transform = Transform3D(0.999992, 0.00415388, 0, -0.00415388, 0.999992, 0, 0, 0, 1, -102.158, 4.84517, -134.761)
size = 15.0
chair_scene = ExtResource("15_klsl5")

[node name="Arbol39" parent="." instance=ExtResource("5_k0rdg")]
transform = Transform3D(0.993857, 0.110671, 0, -0.110671, 0.993857, 0, 0, 0, 1, 31.4408, 6.2839, -155.295)
size = 15.0
chair_scene = ExtResource("15_klsl5")

[node name="Arbol22" parent="." instance=ExtResource("5_k0rdg")]
transform = Transform3D(1, 0, 0, 0, 1, 0, 0, 0, 1, -64.4553, 13.1555, -1.19276)
size = 7.0
chair_scene = ExtResource("16_so0cp")

[node name="Arbol23" parent="." instance=ExtResource("5_k0rdg")]
transform = Transform3D(1, 0, 0, 0, 1, 0, 0, 0, 1, -110.819, 15.7957, -34.6413)
size = 7.0
chair_scene = ExtResource("16_so0cp")

[node name="Arbol24" parent="." instance=ExtResource("5_k0rdg")]
transform = Transform3D(1, 0, 0, 0, 1, 0, 0, 0, 1, -88.3314, 11.9345, -76.3505)
size = 7.0
chair_scene = ExtResource("16_so0cp")

[node name="Arbol25" parent="." instance=ExtResource("5_k0rdg")]
transform = Transform3D(0.99944, -0.0334517, 0, 0.0334517, 0.99944, 0, 0, 0, 1, -49.3882, 16.2964, -96.6671)
size = 7.0
chair_scene = ExtResource("16_so0cp")

[node name="Arbol26" parent="." instance=ExtResource("5_k0rdg")]
transform = Transform3D(1, 0, 0, 0, 1, 0, 0, 0, 1, -59.3924, 15.7957, -69.5477)
size = 7.0
chair_scene = ExtResource("16_so0cp")

[node name="Arbol27" parent="." instance=ExtResource("5_k0rdg")]
transform = Transform3D(1, 0, 0, 0, 1, 0, 0, 0, 1, -147.429, 14.67, -34.6413)
size = 7.0
chair_scene = ExtResource("16_so0cp")

[node name="Arbol28" parent="." instance=ExtResource("5_k0rdg")]
transform = Transform3D(1, 0, 0, 0, 1, 0, 0, 0, 1, -134.424, 12.2485, -64.6538)
size = 7.0
chair_scene = ExtResource("16_so0cp")

[node name="Arbol29" parent="." instance=ExtResource("5_k0rdg")]
transform = Transform3D(1, 0, 0, 0, 1, 0, 0, 0, 1, -45.3313, 11.4965, -0.875751)
size = 7.0
chair_scene = ExtResource("16_so0cp")

[node name="Arbol210" parent="." instance=ExtResource("5_k0rdg")]
transform = Transform3D(1, 0, 0, 0, 1, 0, 0, 0, 1, 86.2503, 11.218, -34.6413)
size = 7.0
chair_scene = ExtResource("16_so0cp")

[node name="Arbol211" parent="." instance=ExtResource("5_k0rdg")]
transform = Transform3D(1, 0, 0, 0, 1, 0, 0, 0, 1, -96.6274, 15.1347, -2.82053)
size = 7.0
chair_scene = ExtResource("16_so0cp")

[node name="Arbol212" parent="." instance=ExtResource("5_k0rdg")]
transform = Transform3D(1, 0, 0, 0, 1, 0, 0, 0, 1, -118.039, 9.27522, -92.8441)
size = 7.0
chair_scene = ExtResource("16_so0cp")

[node name="Arbol213" parent="." instance=ExtResource("5_k0rdg")]
transform = Transform3D(1, 0, 0, 0, 1, 0, 0, 0, 1, 108.548, 12.0622, -6.83332)
size = 7.0
chair_scene = ExtResource("16_so0cp")

[node name="Arbol214" parent="." instance=ExtResource("5_k0rdg")]
transform = Transform3D(1, 0, 0, 0, 1, 0, 0, 0, 1, 37.9628, 12.9746, -7.71284)
size = 7.0
chair_scene = ExtResource("16_so0cp")

[node name="Arbol215" parent="." instance=ExtResource("5_k0rdg")]
transform = Transform3D(1, 0, 0, 0, 1, 0, 0, 0, 1, 53.8349, 10.8855, -88.5899)
size = 7.0
chair_scene = ExtResource("16_so0cp")

[node name="Arbol216" parent="." instance=ExtResource("5_k0rdg")]
transform = Transform3D(1, 0, 0, 0, 1, 0, 0, 0, 1, 97.2989, 11.1464, -78.4229)
size = 7.0
chair_scene = ExtResource("16_so0cp")

[node name="Arbol217" parent="." instance=ExtResource("5_k0rdg")]
transform = Transform3D(1, 0, 0, 0, 1, 0, 0, 0, 1, 76.3342, 15.7957, -118.07)
size = 7.0
chair_scene = ExtResource("16_so0cp")

[node name="Arbol218" parent="." instance=ExtResource("5_k0rdg")]
transform = Transform3D(1, 0, 0, 0, 1, 0, 0, 0, 1, -33.3948, 15.7957, -128.536)
size = 7.0
chair_scene = ExtResource("16_so0cp")

[node name="Arbol219" parent="." instance=ExtResource("5_k0rdg")]
transform = Transform3D(1, 0, 0, 0, 1, 0, 0, 0, 1, 5.16945, 10.2751, 75.2594)
size = 7.0
chair_scene = ExtResource("16_so0cp")

[node name="Arbol220" parent="." instance=ExtResource("5_k0rdg")]
transform = Transform3D(1, 0, 0, 0, 1, 0, 0, 0, 1, 66.6625, 9.84546, 88.3804)
size = 7.0
chair_scene = ExtResource("16_so0cp")

[node name="Arbol221" parent="." instance=ExtResource("5_k0rdg")]
transform = Transform3D(1, 0, 0, 0, 1, 0, 0, 0, 1, -76.0298, 12.8582, 96.5652)
size = 7.0
chair_scene = ExtResource("16_so0cp")

[node name="Arbol222" parent="." instance=ExtResource("5_k0rdg")]
transform = Transform3D(1, 0, 0, 0, 1, 0, 0, 0, 1, 185.464, 15.7957, -88.5899)
size = 7.0
chair_scene = ExtResource("16_so0cp")

[node name="Arbol223" parent="." instance=ExtResource("5_k0rdg")]
transform = Transform3D(1, 0, 0, 0, 1, 0, 0, 0, 1, 144.291, 15.7957, -141.186)
size = 7.0
chair_scene = ExtResource("16_so0cp")

[node name="Arbol224" parent="." instance=ExtResource("5_k0rdg")]
transform = Transform3D(1, 0, 0, 0, 1, 0, 0, 0, 1, 268.402, 15.7957, -70.8299)
size = 7.0
chair_scene = ExtResource("16_so0cp")

[node name="Arbol225" parent="." instance=ExtResource("5_k0rdg")]
transform = Transform3D(1, 0, 0, 0, 1, 0, 0, 0, 1, 226.752, 15.7957, -68.2625)
size = 7.0
chair_scene = ExtResource("16_so0cp")

[node name="Arbol226" parent="." instance=ExtResource("5_k0rdg")]
transform = Transform3D(1, 0, 0, 0, 1, 0, 0, 0, 1, 177.469, 14.5787, -22.1177)
size = 7.0
chair_scene = ExtResource("16_so0cp")

[node name="Arbol227" parent="." instance=ExtResource("5_k0rdg")]
transform = Transform3D(1, 0, 0, 0, 1, 0, 0, 0, 1, 140.138, 12.7749, -18.4798)
size = 7.0
chair_scene = ExtResource("16_so0cp")

[node name="Arbol228" parent="." instance=ExtResource("5_k0rdg")]
transform = Transform3D(1, 0, 0, 0, 1, 0, 0, 0, 1, 286.36, 9.37644, -18.9877)
size = 7.0
chair_scene = ExtResource("16_so0cp")

[node name="Arbol229" parent="." instance=ExtResource("5_k0rdg")]
transform = Transform3D(1, 0, 0, 0, 1, 0, 0, 0, 1, 251.402, 9.63191, -133.07)
size = 7.0
chair_scene = ExtResource("16_so0cp")

[node name="Arbol230" parent="." instance=ExtResource("5_k0rdg")]
transform = Transform3D(1, 0, 0, 0, 1, 0, 0, 0, 1, 247.003, 15.7957, 91.9134)
size = 7.0
chair_scene = ExtResource("16_so0cp")

[node name="Arbol231" parent="." instance=ExtResource("5_k0rdg")]
transform = Transform3D(1, 0, 0, 0, 1, 0, 0, 0, 1, 234.629, 14.3268, 13.4769)
size = 7.0
chair_scene = ExtResource("16_so0cp")

[node name="Arbol232" parent="." instance=ExtResource("5_k0rdg")]
transform = Transform3D(1, 0, 0, 0, 1, 0, 0, 0, 1, 5.16945, 14.3146, 153.502)
size = 7.0
chair_scene = ExtResource("16_so0cp")

[node name="Arbol233" parent="." instance=ExtResource("5_k0rdg")]
transform = Transform3D(1, 0, 0, 0, 1, 0, 0, 0, 1, -69.8765, 15.7957, 177.805)
size = 7.0
chair_scene = ExtResource("16_so0cp")

[node name="Arbol234" parent="." instance=ExtResource("5_k0rdg")]
transform = Transform3D(1, 0, 0, 0, 1, 0, 0, 0, 1, -135.563, 11.9579, 162.088)
size = 7.0
chair_scene = ExtResource("16_so0cp")

[node name="Arbol235" parent="." instance=ExtResource("5_k0rdg")]
transform = Transform3D(1, 0, 0, 0, 1, 0, 0, 0, 1, 62.9341, 13.5049, 178.579)
size = 7.0
chair_scene = ExtResource("16_so0cp")

[node name="Arbol236" parent="." instance=ExtResource("5_k0rdg")]
transform = Transform3D(1, 0, 0, 0, 1, 0, 0, 0, 1, 154.431, 15.8486, 86.6759)
size = 7.0
chair_scene = ExtResource("16_so0cp")

[node name="Arbol237" parent="." instance=ExtResource("5_k0rdg")]
transform = Transform3D(1, 0, 0, 0, 1, 0, 0, 0, 1, 115.452, 12.3707, 83.7461)
size = 7.0
chair_scene = ExtResource("16_so0cp")

[node name="Arbol238" parent="." instance=ExtResource("5_k0rdg")]
transform = Transform3D(1, 0, 0, 0, 1, 0, 0, 0, 1, 85.7647, 18.001, 235.561)
size = 7.0
chair_scene = ExtResource("16_so0cp")

[node name="Arbol239" parent="." instance=ExtResource("5_k0rdg")]
transform = Transform3D(1, 0, 0, 0, 1, 0, 0, 0, 1, 5.16945, 15.479, 238.568)
size = 7.0
chair_scene = ExtResource("16_so0cp")

[node name="Arbol240" parent="." instance=ExtResource("5_k0rdg")]
transform = Transform3D(1, 0, 0, 0, 1, 0, 0, 0, 1, 126.994, 12.0067, 181.586)
size = 7.0
chair_scene = ExtResource("16_so0cp")

[node name="Arbol241" parent="." instance=ExtResource("5_k0rdg")]
transform = Transform3D(1, 0, 0, 0, 1, 0, 0, 0, 1, 96.538, 11.1974, 170.779)
size = 7.0
chair_scene = ExtResource("16_so0cp")

[node name="Arbol242" parent="." instance=ExtResource("5_k0rdg")]
transform = Transform3D(1, 0, 0, 0, 1, 0, 0, 0, 1, -71.4623, 11.5224, 236.604)
size = 7.0
chair_scene = ExtResource("16_so0cp")

[node name="Arbol243" parent="." instance=ExtResource("5_k0rdg")]
transform = Transform3D(1, 0, 0, 0, 1, 0, 0, 0, 1, 208.538, 12.1733, 200.253)
size = 7.0
chair_scene = ExtResource("16_so0cp")

[node name="Arbol244" parent="." instance=ExtResource("5_k0rdg")]
transform = Transform3D(1, 0, 0, 0, 1, 0, 0, 0, 1, 5.16945, 15.531, 295.551)
size = 7.0
chair_scene = ExtResource("16_so0cp")

[node name="Arbol245" parent="." instance=ExtResource("5_k0rdg")]
transform = Transform3D(1, 0, 0, 0, 1, 0, 0, 0, 1, 307.766, 14.8921, -88.5899)
size = 7.0
chair_scene = ExtResource("16_so0cp")

[node name="Arbol246" parent="." instance=ExtResource("5_k0rdg")]
transform = Transform3D(1, 0, 0, 0, 1, 0, 0, 0, 1, 249.801, 14.4155, 262.147)
size = 7.0
chair_scene = ExtResource("16_so0cp")

[node name="Arbol247" parent="." instance=ExtResource("5_k0rdg")]
transform = Transform3D(1, 0, 0, 0, 1, 0, 0, 0, 1, 182.994, 13.7929, 243.481)
size = 7.0
chair_scene = ExtResource("16_so0cp")

[node name="Arbol248" parent="." instance=ExtResource("5_k0rdg")]
transform = Transform3D(1, 0, 0, 0, 1, 0, 0, 0, 1, -149.076, 13.7623, 94.1473)
size = 7.0
chair_scene = ExtResource("16_so0cp")

[node name="Arbol249" parent="." instance=ExtResource("5_k0rdg")]
transform = Transform3D(1, 0, 0, 0, 1, 0, 0, 0, 1, 5.16945, 11.7635, -185.853)
size = 7.0
chair_scene = ExtResource("16_so0cp")

[node name="Arbol250" parent="." instance=ExtResource("5_k0rdg")]
transform = Transform3D(1, 0, 0, 0, 1, 0, 0, 0, 1, -115.673, 8.36922, 281.797)
size = 7.0
chair_scene = ExtResource("16_so0cp")

[node name="Craneo" parent="." instance=ExtResource("5_k0rdg")]
transform = Transform3D(1, 0, 0, 0, 0.957747, 0.287611, 0, -0.287611, 0.957747, -95.2898, 2.15534, 2.20213)
size = 2.0
chair_scene = ExtResource("17_n31h7")

[node name="Silla2" parent="." instance=ExtResource("5_k0rdg")]
transform = Transform3D(0.0948207, -0.139767, -0.985634, 0, 0.990095, -0.1404, 0.995494, 0.0133128, 0.0938815, 1.118, 0.612047, -19.3275)
size = 4.0
chair_scene = ExtResource("18_8whbr")

[node name="Silla22" parent="." instance=ExtResource("5_k0rdg")]
transform = Transform3D(0.203311, -0.0397811, 0.978306, 0.0365082, 0.998788, 0.0330269, -0.978433, 0.0290014, 0.204517, -4.11053, 0.338146, -19.5148)
size = 4.0
chair_scene = ExtResource("18_8whbr")

[node name="Silla23" parent="." instance=ExtResource("5_k0rdg")]
transform = Transform3D(0.999298, -0.0373679, -0.00267333, 0.0374467, 0.998438, 0.0414595, 0.0011199, -0.0415305, 0.999137, 150.431, 1.29414, -38.5172)
size = 4.0
chair_scene = ExtResource("18_8whbr")

[node name="Silla24" parent="." instance=ExtResource("5_k0rdg")]
transform = Transform3D(0.993483, -0.113801, -0.0064422, 0.113984, 0.991895, 0.0561503, 0, -0.0565187, 0.998402, 153.084, 1.60626, -38.0464)
size = 4.0
chair_scene = ExtResource("18_8whbr")

[node name="Silla25" parent="." instance=ExtResource("5_k0rdg")]
transform = Transform3D(-0.50505, 0.0851642, 0.858878, -0.0545479, 0.989981, -0.13024, -0.861365, -0.112628, -0.495344, 34.8412, 1.7729, 107.305)
size = 4.0
chair_scene = ExtResource("18_8whbr")

[node name="Silla26" parent="." instance=ExtResource("5_k0rdg")]
transform = Transform3D(1, 0, 0, 0, 0.998413, -0.0563093, 0, 0.0563093, 0.998413, 41.6092, 3.72161, -27.3651)
size = 4.0
chair_scene = ExtResource("18_8whbr")

[node name="Silla27" parent="." instance=ExtResource("5_k0rdg")]
transform = Transform3D(1, 0, 0, 0, 0.999706, -0.0242401, 0, 0.0242401, 0.999706, 143.638, 24.9332, -58.7304)
size = 4.0
chair_scene = ExtResource("18_8whbr")

[node name="Silla28" parent="." instance=ExtResource("5_k0rdg")]
transform = Transform3D(-0.994213, 0.0150827, 0.106363, 0, 0.990095, -0.1404, -0.107427, -0.139588, -0.984365, 33.5212, 3.42588, -69.5965)
size = 4.0
chair_scene = ExtResource("18_8whbr")

[node name="eitan" parent="." instance=ExtResource("19_t2hym")]
transform = Transform3D(1, 0, 0, 0, 1, 0, 0, 0, 1, 5.63166, 3.1418, 8.86401)

[node name="RigidBody3D" parent="." instance=ExtResource("6_0ugbt")]
transform = Transform3D(1, 0, 0, 0, 1, 0, 0, 0, 1, -1.44074, 0.136009, -19.1618)

[node name="RigidBody3D2" parent="." instance=ExtResource("6_0ugbt")]
transform = Transform3D(1, 0, 0, 0, 1, 0, 0, 0, 1, -12.0062, 3.06338, 112.321)

[node name="RigidBody3D3" parent="." instance=ExtResource("6_0ugbt")]
transform = Transform3D(1, 0, 0, 0, 1, 0, 0, 0, 1, -34.7278, 3.20496, 105.008)

[node name="Terreno" parent="." instance=ExtResource("20_se67r")]
transform = Transform3D(1, 0, 0, 0, 1, 0, 0, 0, 1, -171.441, -4.466, -199.145)

[node name="WorldEnvironment" type="WorldEnvironment" parent="."]
environment = SubResource("Environment_vrfd6")

[node name="Pared1" type="MeshInstance3D" parent="."]
transform = Transform3D(5, 0, 0, 0, 125, 0, 0, 0, 512, -173.062, 55.4867, 57.4339)
mesh = SubResource("BoxMesh_yteiw")
surface_material_override/0 = SubResource("ShaderMaterial_rk6py")

[node name="StaticBody3D" type="StaticBody3D" parent="Pared1"]

[node name="CollisionShape3D" type="CollisionShape3D" parent="Pared1/StaticBody3D"]
shape = SubResource("ConcavePolygonShape3D_k4pag")

[node name="Pared2" type="MeshInstance3D" parent="."]
transform = Transform3D(5, 0, 0, 0, 125, 0, 0, 0, 512, 343.263, 55.487, 57.434)
mesh = SubResource("BoxMesh_yteiw")
surface_material_override/0 = SubResource("ShaderMaterial_rk6py")

[node name="StaticBody3D" type="StaticBody3D" parent="Pared2"]

[node name="CollisionShape3D" type="CollisionShape3D" parent="Pared2/StaticBody3D"]
shape = SubResource("ConcavePolygonShape3D_k4pag")

[node name="Pared3" type="MeshInstance3D" parent="."]
transform = Transform3D(-2.18557e-07, 0, 512, 0, 125, 0, -5, 0, -2.23802e-05, 84.4994, 55.4867, -201.632)
mesh = SubResource("BoxMesh_yteiw")
surface_material_override/0 = SubResource("ShaderMaterial_rk6py")

[node name="StaticBody3D" type="StaticBody3D" parent="Pared3"]

[node name="CollisionShape3D" type="CollisionShape3D" parent="Pared3/StaticBody3D"]
shape = SubResource("ConcavePolygonShape3D_k4pag")

[node name="Pared4" type="MeshInstance3D" parent="."]
transform = Transform3D(-2.18557e-07, 0, 512, 0, 125, 0, -5, 0, -2.23802e-05, 85.2367, 55.4867, 315.13)
mesh = SubResource("BoxMesh_yteiw")
surface_material_override/0 = SubResource("ShaderMaterial_rk6py")

[node name="StaticBody3D" type="StaticBody3D" parent="Pared4"]

[node name="CollisionShape3D" type="CollisionShape3D" parent="Pared4/StaticBody3D"]
shape = SubResource("ConcavePolygonShape3D_k4pag")
